created_at,id_str,user__id_str,user__screen_name,collection_date,soft_intervention,hard_intervention,soft_intervention_label,soft_intervention_url,hard_intervention_text,hard_intervention_action_label,hard_intervention_url
2021-01-10 17:41:49,1348324177183461378,1214272615021285381,AC4Congress2020,2021-02-14 00:00:00,False,False,,,,,
2021-01-10 18:43:37,1348339731692740608,1214272615021285381,AC4Congress2020,2021-02-11 00:00:00,False,False,,,,,
2021-01-10 15:26:45,1348290186099240960,1214272615021285381,AC4Congress2020,2021-02-10 00:00:00,False,False,,,,,
2021-01-10 16:52:56,1348311876367769601,1214272615021285381,AC4Congress2020,2021-02-16 00:00:00,False,False,,,,,
2021-01-10 17:01:50,1348314115530489856,1214272615021285381,AC4Congress2020,2021-02-13 00:00:00,False,False,,,,,
2021-01-10 17:34:42,1348322386937081859,1214272615021285381,AC4Congress2020,2021-02-10 00:00:00,False,False,,,,,
2021-01-10 17:43:26,1348324584408424454,1214272615021285381,AC4Congress2020,2021-02-14 00:00:00,False,False,,,,,
2021-01-10 16:10:31,1348301203529211905,1214272615021285381,AC4Congress2020,2021-02-12 00:00:00,False,False,,,,,
2021-01-10 15:17:51,1348287948920401921,1214272615021285381,AC4Congress2020,2021-02-10 00:00:00,False,False,,,,,
2021-01-10 17:03:53,1348314631509598209,1214272615021285381,AC4Congress2020,2021-02-13 00:00:00,False,False,,,,,
2021-01-10 18:46:59,1348340579671932936,1214272615021285381,AC4Congress2020,2021-02-12 00:00:00,False,False,,,,,
2021-01-10 15:05:52,1348284931429052416,1214272615021285381,AC4Congress2020,2021-02-11 00:00:00,False,False,,,,,
2021-01-10 23:22:17,1348409861269286912,1214272615021285381,AC4Congress2020,2021-02-13 00:00:00,False,False,,,,,
2021-01-10 23:22:17,1348409860367536131,1214272615021285381,AC4Congress2020,2021-02-14 00:00:00,False,False,,,,,
2021-01-10 15:57:19,1348297879819931648,274440617,ACampaNajjar,2021-02-10 00:00:00,False,False,,,,,
2021-01-10 16:32:54,1348306833589456899,274440617,ACampaNajjar,2021-03-05 00:00:00,False,False,,,,,
2021-01-10 17:14:18,1348317253456908289,274440617,ACampaNajjar,2021-02-11 00:00:00,False,False,,,,,
2021-01-10 23:50:30,1348416962930597890,1085720434400784384,AMOwensby,2021-02-11 00:00:00,False,False,,,,,
2021-01-10 16:36:05,1348307637461544965,138203134,AOC,2021-02-09 00:00:00,False,False,,,,,
2021-01-10 16:45:20,1348309963555418112,138203134,AOC,2021-02-09 00:00:00,False,False,,,,,
2021-01-10 16:37:18,1348307942118928389,138203134,AOC,2021-02-09 00:00:00,False,False,,,,,
2021-01-10 17:07:26,1348315527480045570,138203134,AOC,2021-02-09 00:00:00,False,False,,,,,
2021-01-10 15:00:14,1348283514907734017,138203134,AOC,2021-02-08 00:00:00,False,False,,,,,
2021-01-10 20:02:35,1348359602866421760,1262017122,Abby4Iowa,2021-02-11 00:00:00,False,False,,,,,
2021-01-10 20:17:47,1348363428365299712,1262017122,Abby4Iowa,2021-02-10 00:00:00,False,False,,,,,
2021-01-10 23:49:17,1348416655668502533,566806945,AdrBell,2021-02-18 00:00:00,False,False,,,,,
2021-01-10 00:35:15,1348065833545826304,566806945,AdrBell,2021-02-15 00:00:00,False,False,,,,,
2021-01-10 15:44:59,1348294776047742979,566806945,AdrBell,2021-02-09 00:00:00,False,False,,,,,
2021-01-10 18:33:01,1348337064656457734,566806945,AdrBell,2021-02-10 00:00:00,False,False,,,,,
2021-01-10 00:59:32,1348071945594691586,566806945,AdrBell,2021-02-10 00:00:00,False,False,,,,,
2021-01-10 19:11:21,1348346709575872513,566806945,AdrBell,2021-03-05 00:00:00,False,False,,,,,
2021-01-10 18:11:00,1348331523364237321,566806945,AdrBell,2021-02-14 00:00:00,False,False,,,,,
2021-01-10 03:20:27,1348107410498576385,566806945,AdrBell,2021-02-10 00:00:00,False,False,,,,,
2021-01-10 20:57:56,1348373533655666688,870453485984129028,AjaforCongress,2021-02-11 00:00:00,False,False,,,,,
2021-01-10 00:14:21,1348060575184658432,1178049413547253762,AlainaShearer,2021-02-14 00:00:00,False,False,,,,,
2021-01-10 07:50:41,1348175414020096000,1203799585841266688,Alison4Congress,2021-03-05 00:00:00,False,False,,,,,
2021-01-10 08:03:49,1348178718523490306,1203799585841266688,Alison4Congress,2021-02-11 00:00:00,False,False,,,,,
2021-01-10 18:42:27,1348339438338895872,25919401,AllenLEllison,2021-02-12 00:00:00,False,False,,,,,
2021-01-10 16:57:06,1348312924381736961,25919401,AllenLEllison,2021-02-15 00:00:00,False,False,,,,,
2021-01-10 13:23:55,1348259274431078401,25919401,AllenLEllison,2021-02-12 00:00:00,False,False,,,,,
2021-01-10 02:44:51,1348098449464569858,25919401,AllenLEllison,2021-02-10 00:00:00,False,False,,,,,
2021-01-10 21:09:45,1348376507211780099,25919401,AllenLEllison,2021-02-10 00:00:00,False,False,,,,,
2021-01-10 02:54:14,1348100810215981059,25919401,AllenLEllison,2021-02-09 00:00:00,False,False,,,,,
2021-01-10 18:40:08,1348338853665525764,25919401,AllenLEllison,2021-02-11 00:00:00,False,False,,,,,
2021-01-10 16:51:27,1348311505075376131,25919401,AllenLEllison,2021-02-11 00:00:00,False,False,,,,,
2021-01-10 17:44:30,1348324851996618754,25919401,AllenLEllison,2021-02-11 00:00:00,False,False,,,,,
2021-01-10 18:12:53,1348331995965886464,25919401,AllenLEllison,2021-02-10 00:00:00,False,False,,,,,
2021-01-10 18:49:02,1348341094791131138,25919401,AllenLEllison,2021-02-10 00:00:00,False,False,,,,,
2021-01-10 17:53:03,1348327005155172353,25919401,AllenLEllison,2021-02-10 00:00:00,False,False,,,,,
2021-01-10 18:32:06,1348336833978105860,25919401,AllenLEllison,2021-02-12 00:00:00,False,False,,,,,
2021-01-10 17:32:26,1348321817493180417,25919401,AllenLEllison,2021-02-14 00:00:00,False,False,,,,,
2021-01-10 18:51:47,1348341786784247809,25919401,AllenLEllison,2021-02-11 00:00:00,False,False,,,,,
2021-01-10 01:58:27,1348086772752932869,25919401,AllenLEllison,2021-02-11 00:00:00,False,False,,,,,
2021-01-10 02:02:31,1348087796637065218,25919401,AllenLEllison,2021-02-10 00:00:00,False,False,,,,,
2021-01-10 19:56:10,1348357990236225538,25919401,AllenLEllison,2021-02-10 00:00:00,False,False,,,,,
2021-01-10 16:48:21,1348310723030642688,25919401,AllenLEllison,2021-02-09 00:00:00,False,False,,,,,
2021-01-10 18:08:01,1348330773296906251,25919401,AllenLEllison,2021-02-09 00:00:00,False,False,,,,,
2021-01-10 05:47:18,1348144366498574366,25919401,AllenLEllison,2021-02-13 00:00:00,False,False,,,,,
2021-01-10 22:30:47,1348396899234164742,25919401,AllenLEllison,2021-02-10 00:00:00,False,False,,,,,
2021-01-10 21:09:19,1348376396251410436,25919401,AllenLEllison,2021-02-12 00:00:00,False,False,,,,,
2021-01-10 03:19:39,1348107206886100995,25919401,AllenLEllison,2021-02-10 00:00:00,False,False,,,,,
2021-01-10 17:46:00,1348325229374877702,25919401,AllenLEllison,2021-02-10 00:00:00,False,False,,,,,
2021-01-10 16:38:42,1348308293991731201,25919401,AllenLEllison,2021-02-18 00:00:00,False,False,,,,,
2021-01-10 19:06:54,1348345591483535362,590576250,AmyKennedy715,2021-02-14 00:00:00,False,False,,,,,
2021-01-10 14:47:17,1348280255677673477,2783231383,AmyMcGrathKY,2021-02-09 00:00:00,False,False,,,,,
2021-01-10 22:00:26,1348389262459285504,2783231383,AmyMcGrathKY,2021-02-10 00:00:00,False,False,,,,,
2021-01-10 15:50:33,1348296178945949696,24215154,AndyKimNJ,2021-02-11 00:00:00,False,False,,,,,
2021-01-10 17:51:09,1348326527595913216,24215154,AndyKimNJ,2021-02-11 00:00:00,False,False,,,,,
2021-01-10 21:14:19,1348377655809368064,24215154,AndyKimNJ,2021-02-13 00:00:00,False,False,,,,,
2021-01-10 21:57:17,1348388467588345857,411861905,AngieCraigMN,2021-02-11 00:00:00,False,False,,,,,
2021-01-10 16:01:42,1348298982859137027,411861905,AngieCraigMN,2021-02-13 00:00:00,False,False,,,,,
2021-01-10 17:48:08,1348325767512432640,474401140,AnnetteTeijeiro,2021-02-11 00:00:00,False,False,,,,,
2021-01-10 05:25:59,1348139001165737985,474401140,AnnetteTeijeiro,2021-02-11 00:00:00,False,False,,,,,
2021-01-10 16:23:42,1348304521156386817,17423554,ArnMenconi,2021-02-14 00:00:00,False,False,,,,,
2021-01-10 13:50:00,1348265838986596354,269992801,AsaHutchinson,2021-02-11 00:00:00,False,False,,,,,
2021-01-10 00:24:00,1348063002373734400,1021216905795899392,AugustPfluger,2021-02-11 00:00:00,False,False,,,,,
2021-01-10 14:40:12,1348278472083435521,20775724,Autry,2021-02-10 00:00:00,False,False,,,,,
2021-01-10 14:35:15,1348277229239853056,20775724,Autry,2021-02-13 00:00:00,False,False,,,,,
2021-01-10 14:24:37,1348274550065213440,20775724,Autry,2021-02-16 00:00:00,False,False,,,,,
2021-01-10 14:31:58,1348276401426862082,20775724,Autry,2021-02-14 00:00:00,False,False,,,,,
2021-01-10 18:47:33,1348340719447138311,31013444,AyannaPressley,2021-02-09 00:00:00,False,False,,,,,
2021-01-10 20:03:00,1348359707765956610,31013444,AyannaPressley,2021-02-09 00:00:00,False,False,,,,,
2021-01-10 01:54:04,1348085668103204864,31013444,AyannaPressley,2021-02-10 00:00:00,False,False,,,,,
2021-01-10 19:03:02,1348344616723111941,414436134,BLeeForCongress,2021-02-10 00:00:00,False,False,,,,,
2021-01-10 17:21:00,1348318941618319362,414436134,BLeeForCongress,2021-03-10 00:00:00,False,False,,,,,
2021-01-10 07:25:58,1348169195834339330,1117898546055761920,BarnettforAZ,2021-02-09 00:00:00,False,False,,,,,
2021-01-10 04:32:21,1348125501190250496,1117898546055761920,BarnettforAZ,2021-02-09 00:00:00,False,False,,,,,
2021-01-10 03:35:13,1348111125615955968,1117898546055761920,BarnettforAZ,2021-02-09 00:00:00,False,False,,,,,
2021-01-10 03:36:07,1348111352129269761,1117898546055761920,BarnettforAZ,2021-02-11 00:00:00,False,False,,,,,
2021-01-10 07:24:48,1348168902354747400,1117898546055761920,BarnettforAZ,2021-02-13 00:00:00,False,False,,,,,
2021-01-10 19:19:47,1348348831235235849,1117898546055761920,BarnettforAZ,2021-02-10 00:00:00,False,False,,,,,
2021-01-10 14:17:20,1348272718957871104,1117898546055761920,BarnettforAZ,2021-02-15 00:00:00,False,False,,,,,
2021-01-10 23:19:49,1348409240180977665,1117898546055761920,BarnettforAZ,2021-02-14 00:00:00,False,False,,,,,
2021-01-10 14:18:53,1348273109560819712,1117898546055761920,BarnettforAZ,2021-02-11 00:00:00,False,False,,,,,
2021-01-10 18:12:14,1348331835047235586,1117898546055761920,BarnettforAZ,2021-02-13 00:00:00,False,False,,,,,
2021-01-10 14:01:52,1348268828208242690,1117898546055761920,BarnettforAZ,2021-02-17 00:00:00,False,False,,,,,
2021-01-10 22:08:27,1348391279508348931,1117898546055761920,BarnettforAZ,2021-02-10 00:00:00,False,False,,,,,
2021-01-10 23:18:58,1348409027278098434,1117898546055761920,BarnettforAZ,2021-02-16 00:00:00,False,False,,,,,
2021-01-10 04:09:08,1348119660823244800,1117898546055761920,BarnettforAZ,2021-02-13 00:00:00,False,False,,,,,
2021-01-10 22:03:55,1348390136606720000,1117898546055761920,BarnettforAZ,2021-02-14 00:00:00,False,False,,,,,
2021-01-10 03:36:35,1348111469116796928,1117898546055761920,BarnettforAZ,2021-02-13 00:00:00,False,False,,,,,
2021-01-10 23:17:39,1348408693709221891,1117898546055761920,BarnettforAZ,2021-02-16 00:00:00,False,False,,,,,
2021-01-10 20:39:32,1348368903425155073,216776631,BernieSanders,2021-02-09 00:00:00,False,False,,,,,
2021-01-10 21:31:53,1348382075322298368,947934725271846912,Biggan4Congress,2021-02-09 00:00:00,False,False,,,,,
2021-01-10 00:28:50,1348064218520678403,947934725271846912,Biggan4Congress,2021-02-20 00:00:00,False,False,,,,,
2021-01-10 22:25:53,1348395666670759938,947934725271846912,Biggan4Congress,2021-02-19 00:00:00,False,False,,,,,
2021-01-10 17:34:07,1348322240950120453,947934725271846912,Biggan4Congress,2021-02-14 00:00:00,False,False,,,,,
2021-01-10 02:37:42,1348096648673714176,947934725271846912,Biggan4Congress,2021-02-09 00:00:00,False,False,,,,,
2021-01-10 17:01:33,1348314043329753089,947934725271846912,Biggan4Congress,2021-02-12 00:00:00,False,False,,,,,
2021-01-10 22:26:28,1348395812963942400,947934725271846912,Biggan4Congress,2021-02-14 00:00:00,False,False,,,,,
2021-01-10 01:53:54,1348085628949454849,947934725271846912,Biggan4Congress,2021-02-11 00:00:00,False,False,,,,,
2021-01-10 23:35:18,1348413135946969094,947934725271846912,Biggan4Congress,2021-02-16 00:00:00,False,False,,,,,
2021-01-10 17:46:30,1348325356466548736,1152598802873880576,BillHagertyTN,2021-02-22 00:00:00,False,False,,,,,
2021-01-10 14:32:00,1348276408599023621,1152598802873880576,BillHagertyTN,2021-02-13 00:00:00,False,False,,,,,
2021-01-10 20:45:16,1348370347213598722,74508260,BillPascrell,2021-02-10 00:00:00,False,False,,,,,
2021-01-10 18:28:17,1348335874153570307,74508260,BillPascrell,2021-02-09 00:00:00,False,False,,,,,
2021-01-10 23:05:43,1348405692756062210,74508260,BillPascrell,2021-02-11 00:00:00,False,False,,,,,
2021-01-10 21:50:00,1348386635398918144,74508260,BillPascrell,2021-02-10 00:00:00,False,False,,,,,
2021-01-10 00:58:12,1348071608380960773,74508260,BillPascrell,2021-02-14 00:00:00,False,False,,,,,
2021-01-10 22:05:31,1348390539582976000,74508260,BillPascrell,2021-02-11 00:00:00,False,False,,,,,
2021-01-10 17:44:32,1348324864336277507,74508260,BillPascrell,2021-02-10 00:00:00,False,False,,,,,
2021-01-10 00:06:40,1348058639429496836,74508260,BillPascrell,2021-02-09 00:00:00,False,False,,,,,
2021-01-10 14:19:35,1348273284148768769,74508260,BillPascrell,2021-02-09 00:00:00,False,False,,,,,
2021-01-10 22:44:46,1348400418859188225,74508260,BillPascrell,2021-02-15 00:00:00,False,False,,,,,
2021-01-10 16:04:12,1348299614039011337,74508260,BillPascrell,2021-02-10 00:00:00,False,False,,,,,
2021-01-10 18:43:13,1348339631318822912,74508260,BillPascrell,2021-02-09 00:00:00,False,False,,,,,
2021-01-10 20:39:16,1348368833468375040,74508260,BillPascrell,2021-02-09 00:00:00,False,False,,,,,
2021-01-10 17:47:08,1348325517687078912,1197342596198105088,BishForCongress,2021-02-13 00:00:00,False,False,,,,,
2021-01-10 18:53:39,1348342256525209600,890498522050473986,BobbyBliatout,2021-02-22 00:00:00,False,False,,,,,
2021-01-10 23:19:28,1348409150645149697,17264476,BriannaWu,2021-02-11 00:00:00,False,False,,,,,
2021-01-10 22:13:28,1348392539963985923,17264476,BriannaWu,2021-02-10 00:00:00,False,False,,,,,
2021-01-10 16:31:32,1348306489698615299,17264476,BriannaWu,2021-02-11 00:00:00,False,False,,,,,
2021-01-10 04:26:53,1348124125718601728,17264476,BriannaWu,2021-02-10 00:00:00,False,False,,,,,
2021-01-10 22:03:07,1348389938459529216,17264476,BriannaWu,2021-02-14 00:00:00,False,False,,,,,
2021-01-10 23:20:49,1348409489024806916,17264476,BriannaWu,2021-02-11 00:00:00,False,False,,,,,
2021-01-10 02:25:27,1348093566611058688,17264476,BriannaWu,2021-02-09 00:00:00,False,False,,,,,
2021-01-10 02:50:57,1348099985984917508,17264476,BriannaWu,2021-02-10 00:00:00,False,False,,,,,
2021-01-10 13:47:06,1348265110691840000,17264476,BriannaWu,2021-02-11 00:00:00,False,False,,,,,
2021-01-10 02:58:02,1348101767993679873,17264476,BriannaWu,2021-02-10 00:00:00,False,False,,,,,
2021-01-10 01:41:34,1348082524619202560,17264476,BriannaWu,2021-02-11 00:00:00,False,False,,,,,
2021-01-10 02:20:35,1348092340930564101,17264476,BriannaWu,2021-02-09 00:00:00,False,False,,,,,
2021-01-10 01:27:39,1348079019925917699,17264476,BriannaWu,2021-02-11 00:00:00,False,False,,,,,
2021-01-10 03:34:52,1348111035178360834,17264476,BriannaWu,2021-02-10 00:00:00,False,False,,,,,
2021-01-10 16:15:27,1348302443399020544,17264476,BriannaWu,2021-02-17 00:00:00,False,False,,,,,
2021-01-10 19:54:22,1348357535372369920,17264476,BriannaWu,2021-02-09 00:00:00,False,False,,,,,
2021-01-10 16:54:17,1348312215007481856,17264476,BriannaWu,2021-02-10 00:00:00,False,False,,,,,
2021-01-10 17:07:28,1348315532513083392,95184947,BrynneSpeak,2021-02-09 00:00:00,False,False,,,,,
2021-01-10 02:20:17,1348092268985548800,15986949,BuzzPatterson,2021-02-13 00:00:00,False,False,,,,,
2021-01-10 03:14:17,1348105856387174401,15986949,BuzzPatterson,2021-02-16 00:00:00,False,False,,,,,
2021-01-10 18:36:15,1348337875474030593,15986949,BuzzPatterson,2021-02-16 00:00:00,False,False,,,,,
2021-01-10 02:39:27,1348097089536888835,15986949,BuzzPatterson,2021-02-11 00:00:00,False,False,,,,,
2021-01-10 02:20:04,1348092212043673600,15986949,BuzzPatterson,2021-02-11 00:00:00,False,False,,,,,
2021-01-10 22:16:21,1348393268275408896,15986949,BuzzPatterson,2021-02-14 00:00:00,False,False,,,,,
2021-01-10 01:37:05,1348081395566931969,15986949,BuzzPatterson,2021-02-13 00:00:00,False,False,,,,,
2021-01-10 01:35:05,1348080893349412865,15986949,BuzzPatterson,2021-02-10 00:00:00,False,False,,,,,
2021-01-10 21:21:31,1348379469807960064,15986949,BuzzPatterson,2021-02-10 00:00:00,False,False,,,,,
2021-01-10 18:33:18,1348337135028355074,15986949,BuzzPatterson,2021-02-10 00:00:00,False,False,,,,,
2021-01-10 02:07:28,1348089041808367616,15986949,BuzzPatterson,2021-02-09 00:00:00,False,False,,,,,
2021-01-10 06:48:57,1348159881367285760,1147223967020642304,Canning4Oregon,2021-02-10 00:00:00,False,False,,,,,
2021-01-10 04:14:42,1348121061733253124,1147223967020642304,Canning4Oregon,2021-02-14 00:00:00,False,False,,,,,
2021-01-10 19:54:06,1348357468250808320,1147223967020642304,Canning4Oregon,2021-02-10 00:00:00,False,False,,,,,
2021-01-10 00:57:54,1348071536738013185,65707359,CaptMarkKelly,2021-02-09 00:00:00,False,False,,,,,
2021-01-10 21:40:13,1348384173954883585,1180165663538761728,Carl4congressms,2021-02-21 00:00:00,False,False,,,,,
2021-01-10 17:33:30,1348322085521731586,54806279,CarmenMaMontiel,2021-02-14 00:00:00,False,False,,,,,
2021-01-10 23:45:42,1348415751020011522,3320699257,Casper4Colorado,2021-02-11 00:00:00,False,False,,,,,
2021-01-10 05:47:36,1348144440800645120,323440720,Castro4Congress,2021-02-11 00:00:00,False,False,,,,,
2021-01-10 19:47:53,1348355903137918998,1006577189012299776,CatalinaLauf,2021-02-10 00:00:00,False,False,,,,,
2021-01-10 17:12:04,1348316692221460483,907995696443392000,CelesteforAR,2021-02-17 00:00:00,False,False,,,,,
2021-01-10 02:15:01,1348090940871892993,907995696443392000,CelesteforAR,2021-02-14 00:00:00,False,False,,,,,
2021-01-10 17:00:42,1348313833190936579,907995696443392000,CelesteforAR,2021-02-11 00:00:00,False,False,,,,,
2021-01-10 19:20:20,1348348971278852105,15324851,ChrisCoons,2021-02-11 00:00:00,False,False,,,,,
2021-01-10 19:20:20,1348348969366204416,15324851,ChrisCoons,2021-02-11 00:00:00,False,False,,,,,
2021-01-10 20:00:59,1348359201400238095,15324851,ChrisCoons,2021-02-13 00:00:00,False,False,,,,,
2021-01-10 00:11:11,1348059777520308224,150078976,ChrisMurphyCT,2021-02-10 00:00:00,False,False,,,,,
2021-01-10 16:54:08,1348312177703325706,150078976,ChrisMurphyCT,2021-02-09 00:00:00,False,False,,,,,
2021-01-10 00:12:47,1348060180613881857,150078976,ChrisMurphyCT,2021-02-10 00:00:00,False,False,,,,,
2021-01-10 14:00:18,1348268433373351939,150078976,ChrisMurphyCT,2021-02-09 00:00:00,False,False,,,,,
2021-01-10 17:43:54,1348324702276603904,4699063596,ChristySmithCA,2021-02-11 00:00:00,False,False,,,,,
2021-01-10 21:58:22,1348388742067871748,1127391888523300865,Cindy_Banyai_FL,2021-02-17 00:00:00,False,False,,,,,
2021-01-10 13:30:04,1348260824629059587,489475164,ColMorrisDavis,2021-02-11 00:00:00,False,False,,,,,
2021-01-10 13:09:20,1348255604964548610,489475164,ColMorrisDavis,2021-02-11 00:00:00,False,False,,,,,
2021-01-10 15:08:49,1348285676790439936,489475164,ColMorrisDavis,2021-02-13 00:00:00,False,False,,,,,
2021-01-10 14:39:27,1348278283528511490,489475164,ColMorrisDavis,2021-02-14 00:00:00,False,False,,,,,
2021-01-10 04:48:45,1348129628389519362,489475164,ColMorrisDavis,2021-03-05 00:00:00,False,False,,,,,
2021-01-10 02:27:33,1348094097232449536,489475164,ColMorrisDavis,2021-02-17 00:00:00,False,False,,,,,
2021-01-10 15:00:58,1348283697653567488,489475164,ColMorrisDavis,2021-02-11 00:00:00,False,False,,,,,
2021-01-10 23:04:15,1348405321631477762,489475164,ColMorrisDavis,2021-02-12 00:00:00,False,False,,,,,
2021-01-10 23:34:21,1348412897530175495,346964561,ColinAllredTX,2021-02-10 00:00:00,False,False,,,,,
2021-01-10 23:20:19,1348409363220848643,19824430,CollegeDems,2021-02-10 00:00:00,False,False,,,,,
2021-01-10 20:06:50,1348360673802203141,19824430,CollegeDems,2021-02-13 00:00:00,False,False,,,,,
2021-01-10 20:10:28,1348361589125214209,814179031956488192,CongressmanRaja,2021-02-11 00:00:00,False,False,,,,,
2021-01-10 18:00:58,1348328999701934084,814179031956488192,CongressmanRaja,2021-02-15 00:00:00,False,False,,,,,
2021-01-10 22:12:55,1348392404466937860,814179031956488192,CongressmanRaja,2021-02-10 00:00:00,False,False,,,,,
2021-01-10 16:01:05,1348298826545831936,814179031956488192,CongressmanRaja,2021-02-10 00:00:00,False,False,,,,,
2021-01-10 18:22:49,1348334495641067520,855240223432769538,ConorLambPA,2021-02-09 00:00:00,False,False,,,,,
2021-01-10 18:22:49,1348334497746530306,855240223432769538,ConorLambPA,2021-02-09 00:00:00,False,False,,,,,
2021-01-10 01:16:29,1348076210241343489,855240223432769538,ConorLambPA,2021-02-10 00:00:00,False,False,,,,,
2021-01-10 18:22:49,1348334496693825539,855240223432769538,ConorLambPA,2021-02-09 00:00:00,False,False,,,,,
2021-01-10 18:22:50,1348334501047521283,855240223432769538,ConorLambPA,2021-02-09 00:00:00,False,False,,,,,
2021-01-10 18:22:50,1348334498749030402,855240223432769538,ConorLambPA,2021-02-09 00:00:00,False,False,,,,,
2021-01-10 18:22:50,1348334499881476097,855240223432769538,ConorLambPA,2021-02-09 00:00:00,False,False,,,,,
2021-01-10 17:26:26,1348320305421426690,855240223432769538,ConorLambPA,2021-02-09 00:00:00,False,False,,,,,
2021-01-10 18:22:49,1348334494571503618,855240223432769538,ConorLambPA,2021-02-09 00:00:00,False,False,,,,,
2021-01-10 01:44:28,1348083252142235650,4696552878,CoriBush,2021-02-09 00:00:00,False,False,,,,,
2021-01-10 15:38:18,1348293096447086593,4696552878,CoriBush,2021-02-10 00:00:00,False,False,,,,,
2021-01-10 00:28:41,1348064181279449088,4696552878,CoriBush,2021-02-08 00:00:00,False,False,,,,,
2021-01-10 20:59:27,1348373914481795073,4696552878,CoriBush,2021-02-08 00:00:00,False,False,,,,,
2021-01-10 15:37:07,1348292797040877570,4696552878,CoriBush,2021-02-09 00:00:00,False,False,,,,,
2021-01-10 22:50:38,1348401895086370816,115979444,DWStweets,2021-02-12 00:00:00,False,False,,,,,
2021-01-10 21:45:52,1348385596847349763,930552552302792705,DanCrenshawTX,2021-02-10 00:00:00,False,False,,,,,
2021-01-10 22:41:56,1348399706058018817,23362152,DanNewsManBall,2021-02-11 00:00:00,False,False,,,,,
2021-01-10 07:02:22,1348163254657290240,23362152,DanNewsManBall,2021-02-10 00:00:00,False,False,,,,,
2021-01-10 21:05:20,1348375395205328899,1157277186988171264,DanielsCongress,2021-02-09 00:00:00,False,False,,,,,
2021-01-10 15:13:35,1348286875119837184,1157277186988171264,DanielsCongress,2021-02-11 00:00:00,False,False,,,,,
2021-01-10 03:50:19,1348114926741585922,64465025,DannyTarkanian,2021-02-17 00:00:00,False,False,,,,,
2021-01-10 17:05:44,1348315097119252481,1154105453317677056,DarrigoMelanie,2021-02-16 00:00:00,False,False,,,,,
2021-01-10 14:20:54,1348273615838597126,1154105453317677056,DarrigoMelanie,2021-02-11 00:00:00,False,False,,,,,
2021-01-10 13:29:29,1348260676893089792,1154105453317677056,DarrigoMelanie,2021-02-14 00:00:00,False,False,,,,,
2021-01-10 21:33:22,1348382450288914441,1154105453317677056,DarrigoMelanie,2021-02-15 00:00:00,False,False,,,,,
2021-01-10 15:50:12,1348296090987229187,1154105453317677056,DarrigoMelanie,2021-02-14 00:00:00,False,False,,,,,
2021-01-10 17:55:05,1348327516432433162,1154105453317677056,DarrigoMelanie,2021-02-10 00:00:00,False,False,,,,,
2021-01-10 14:52:54,1348281669548077058,48219458,DaveMinCA,2021-02-14 00:00:00,False,False,,,,,
2021-01-10 15:08:30,1348285594875514886,48219458,DaveMinCA,2021-02-11 00:00:00,False,False,,,,,
2021-01-10 16:22:06,1348304117580513290,48219458,DaveMinCA,2021-02-16 00:00:00,False,False,,,,,
2021-01-10 15:09:39,1348285884823523329,48219458,DaveMinCA,2021-02-14 00:00:00,False,False,,,,,
2021-01-10 15:51:06,1348296315227099138,48219458,DaveMinCA,2021-02-21 00:00:00,False,False,,,,,
2021-01-10 14:40:13,1348278475602333698,818276294328582145,DavidKimForCA,2021-02-13 00:00:00,False,False,,,,,
2021-01-10 17:08:04,1348315686846701568,818276294328582145,DavidKimForCA,2021-02-11 00:00:00,False,False,,,,,
2021-01-10 05:13:23,1348135830766940162,1458593407,DavidSandbeck,2021-02-12 00:00:00,False,False,,,,,
2021-01-10 13:00:57,1348253498018848768,4381665136,DeanBrowningPA,2021-02-10 00:00:00,False,False,,,,,
2021-01-10 01:45:53,1348083610813943808,4381665136,DeanBrowningPA,2021-02-11 00:00:00,False,False,,,,,
2021-01-10 00:35:18,1348065846674006018,4381665136,DeanBrowningPA,2021-02-11 00:00:00,False,False,,,,,
2021-01-10 13:20:46,1348258483431501826,4381665136,DeanBrowningPA,2021-02-11 00:00:00,False,False,,,,,
2021-01-10 22:35:10,1348398004152238083,4381665136,DeanBrowningPA,2021-02-11 00:00:00,False,False,,,,,
2021-01-10 12:35:44,1348247148538822657,4381665136,DeanBrowningPA,2021-02-13 00:00:00,False,False,,,,,
2021-01-10 21:02:26,1348374666784755714,4381665136,DeanBrowningPA,2021-02-09 00:00:00,False,False,,,,,
2021-01-10 00:20:01,1348061999754833921,4381665136,DeanBrowningPA,2021-02-09 00:00:00,False,False,,,,,
2021-01-10 11:58:01,1348237656837251074,4381665136,DeanBrowningPA,2021-02-11 00:00:00,False,False,,,,,
2021-01-10 12:22:17,1348243766013030400,4381665136,DeanBrowningPA,2021-02-11 00:00:00,False,False,,,,,
2021-01-10 02:24:01,1348093205057855489,4381665136,DeanBrowningPA,2021-02-11 00:00:00,False,False,,,,,
2021-01-10 21:02:03,1348374569162321924,4381665136,DeanBrowningPA,2021-02-13 00:00:00,False,False,,,,,
2021-01-10 21:47:49,1348386084640710659,4381665136,DeanBrowningPA,2021-02-10 00:00:00,False,False,,,,,
2021-01-10 23:41:46,1348414764129558529,286476728,DebHaalandNM,2021-02-09 00:00:00,False,False,,,,,
2021-01-10 04:04:51,1348118582018912256,34715823,DebbieLesko,2021-02-10 00:00:00,False,False,,,,,
2021-01-10 00:56:51,1348071269745516546,750046943905058816,DebbieforFL,2021-02-12 00:00:00,False,False,,,,,
2021-01-10 15:55:06,1348297324376821761,750046943905058816,DebbieforFL,2021-02-13 00:00:00,False,False,,,,,
2021-01-10 19:14:42,1348347551909629952,750046943905058816,DebbieforFL,2021-02-09 00:00:00,False,False,,,,,
2021-01-10 17:03:24,1348314511485370372,829061809135030272,DelgadoforNY19,2021-02-15 00:00:00,False,False,,,,,
2021-01-10 17:34:17,1348322281014108161,448510429,DennisPCrawford,2021-02-15 00:00:00,False,False,,,,,
2021-01-10 15:19:15,1348288300688285696,448510429,DennisPCrawford,2021-02-11 00:00:00,False,False,,,,,
2021-01-10 00:51:11,1348069842813784065,1067184143774162944,DetmerMike,2021-02-10 00:00:00,False,False,,,,,
2021-01-10 00:41:24,1348067383030648832,1067184143774162944,DetmerMike,2021-02-11 00:00:00,False,False,,,,,
2021-01-10 01:36:57,1348081362297753601,1067184143774162944,DetmerMike,2021-02-10 00:00:00,False,False,,,,,
2021-01-10 22:58:42,1348403926069088257,93351287,DevinPandy,2021-02-13 00:00:00,False,False,,,,,
2021-01-10 17:42:51,1348324440480903172,93351287,DevinPandy,2021-02-15 00:00:00,False,False,,,,,
2021-01-10 18:26:07,1348335328336240643,459051498,Donald_McEachin,2021-02-16 00:00:00,False,False,,,,,
2021-01-10 12:02:43,1348238842822860800,322826756,DonnaDeegan,2021-02-10 00:00:00,False,False,,,,,
2021-01-10 03:15:04,1348106052525580290,1651522832,DrDenaGrayson,2021-02-11 00:00:00,False,False,,,,,
2021-01-10 22:06:06,1348390689462235142,1651522832,DrDenaGrayson,2021-02-10 00:00:00,False,False,,,,,
2021-01-10 14:11:24,1348271225341169667,1651522832,DrDenaGrayson,2021-02-11 00:00:00,False,False,,,,,
2021-01-10 04:19:09,1348122183017635840,1651522832,DrDenaGrayson,2021-02-10 00:00:00,False,False,,,,,
2021-01-10 22:18:44,1348393867469590530,1651522832,DrDenaGrayson,2021-02-09 00:00:00,False,False,,,,,
2021-01-10 02:44:09,1348098272460734465,1651522832,DrDenaGrayson,2021-02-10 00:00:00,False,False,,,,,
2021-01-10 14:11:24,1348271226549104640,1651522832,DrDenaGrayson,2021-02-12 00:00:00,False,False,,,,,
2021-01-10 21:56:22,1348388238646534147,1651522832,DrDenaGrayson,2021-02-10 00:00:00,False,False,,,,,
2021-01-10 17:23:39,1348319608160321536,1651522832,DrDenaGrayson,2021-02-10 00:00:00,False,False,,,,,
2021-01-10 04:16:40,1348121554203381760,1651522832,DrDenaGrayson,2021-02-11 00:00:00,False,False,,,,,
2021-01-10 14:11:22,1348271218630209538,1651522832,DrDenaGrayson,2021-02-12 00:00:00,False,False,,,,,
2021-01-10 04:06:35,1348119018541080578,1651522832,DrDenaGrayson,2021-02-08 00:00:00,False,False,,,,,
2021-01-10 22:03:46,1348390102091894788,1651522832,DrDenaGrayson,2021-02-10 00:00:00,False,False,,,,,
2021-01-10 14:11:22,1348271216403107842,1651522832,DrDenaGrayson,2021-02-11 00:00:00,False,False,,,,,
2021-01-10 22:08:35,1348391313377550341,1651522832,DrDenaGrayson,2021-02-09 00:00:00,False,False,,,,,
2021-01-10 21:17:04,1348378349773737996,1651522832,DrDenaGrayson,2021-02-10 00:00:00,False,False,,,,,
2021-01-10 16:10:39,1348301235452071938,1651522832,DrDenaGrayson,2021-02-13 00:00:00,False,False,,,,,
2021-01-10 23:30:37,1348411956005396491,1651522832,DrDenaGrayson,2021-02-10 00:00:00,False,False,,,,,
2021-01-10 03:02:30,1348102890339115008,1651522832,DrDenaGrayson,2021-02-11 00:00:00,False,False,,,,,
2021-01-10 14:11:25,1348271227706728449,1651522832,DrDenaGrayson,2021-02-13 00:00:00,False,False,,,,,
2021-01-10 19:53:58,1348357437020135427,1651522832,DrDenaGrayson,2021-02-09 00:00:00,False,False,,,,,
2021-01-10 14:11:23,1348271220740005893,1651522832,DrDenaGrayson,2021-02-13 00:00:00,False,False,,,,,
2021-01-10 16:11:25,1348301427488288772,1651522832,DrDenaGrayson,2021-02-13 00:00:00,False,False,,,,,
2021-01-10 14:11:22,1348271217518792705,1651522832,DrDenaGrayson,2021-02-13 00:00:00,False,False,,,,,
2021-01-10 22:12:08,1348392206953013248,1651522832,DrDenaGrayson,2021-02-11 00:00:00,False,False,,,,,
2021-01-10 14:11:23,1348271221918601217,1651522832,DrDenaGrayson,2021-02-13 00:00:00,False,False,,,,,
2021-01-10 14:11:21,1348271213869740032,1651522832,DrDenaGrayson,2021-02-11 00:00:00,False,False,,,,,
2021-01-10 03:58:06,1348116882889564161,1651522832,DrDenaGrayson,2021-02-10 00:00:00,False,False,,,,,
2021-01-10 21:12:41,1348377245795180549,1651522832,DrDenaGrayson,2021-02-12 00:00:00,False,False,,,,,
2021-01-10 03:33:24,1348110668352905216,1651522832,DrDenaGrayson,2021-02-13 00:00:00,False,False,,,,,
2021-01-10 14:11:23,1348271219704000514,1651522832,DrDenaGrayson,2021-02-13 00:00:00,False,False,,,,,
2021-01-10 21:20:19,1348379166203375623,1651522832,DrDenaGrayson,2021-02-10 00:00:00,False,False,,,,,
2021-01-10 14:11:24,1348271224221270021,1651522832,DrDenaGrayson,2021-02-15 00:00:00,False,False,,,,,
2021-01-10 04:01:20,1348117695540174850,1651522832,DrDenaGrayson,2021-02-11 00:00:00,False,False,,,,,
2021-01-10 04:08:40,1348119541738577920,1651522832,DrDenaGrayson,2021-02-11 00:00:00,False,False,,,,,
2021-01-10 04:23:28,1348123268373499904,1651522832,DrDenaGrayson,2021-02-14 00:00:00,False,False,,,,,
2021-01-10 04:29:50,1348124870404694018,1651522832,DrDenaGrayson,2021-02-10 00:00:00,False,False,,,,,
2021-01-10 03:07:35,1348104171380207620,1651522832,DrDenaGrayson,2021-02-10 00:00:00,False,False,,,,,
2021-01-10 04:32:48,1348125614679748613,1651522832,DrDenaGrayson,2021-02-10 00:00:00,False,False,,,,,
2021-01-10 03:58:04,1348116873473380353,1651522832,DrDenaGrayson,2021-02-09 00:00:00,False,False,,,,,
2021-01-10 04:39:33,1348127315247722496,1651522832,DrDenaGrayson,2021-02-09 00:00:00,False,False,,,,,
2021-01-10 14:11:23,1348271223017525250,1651522832,DrDenaGrayson,2021-02-14 00:00:00,False,False,,,,,
2021-01-10 17:58:56,1348328484536537090,18831926,DrEricDing,2021-02-11 00:00:00,False,False,,,,,
2021-01-10 01:53:20,1348085484505993219,18831926,DrEricDing,2021-02-09 00:00:00,False,False,,,,,
2021-01-10 01:37:03,1348081388432592902,18831926,DrEricDing,2021-02-10 00:00:00,False,False,,,,,
2021-01-10 00:48:29,1348069163164717057,18831926,DrEricDing,2021-02-11 00:00:00,False,False,,,,,
2021-01-10 00:27:55,1348063987385180160,18831926,DrEricDing,2021-02-10 00:00:00,False,False,,,,,
2021-01-10 00:44:27,1348068149804093441,18831926,DrEricDing,2021-02-11 00:00:00,False,False,,,,,
2021-01-10 17:13:14,1348316986669985792,18831926,DrEricDing,2021-02-12 00:00:00,False,False,,,,,
2021-01-10 00:24:38,1348063164995411971,18831926,DrEricDing,2021-02-09 00:00:00,False,False,,,,,
2021-01-10 17:01:33,1348314045808594945,18831926,DrEricDing,2021-02-09 00:00:00,False,False,,,,,
2021-01-10 00:27:20,1348063843591868416,18831926,DrEricDing,2021-02-14 00:00:00,False,False,,,,,
2021-01-10 17:56:21,1348327834998222849,18831926,DrEricDing,2021-02-10 00:00:00,False,False,,,,,
2021-01-10 00:12:46,1348060175517806592,18831926,DrEricDing,2021-02-10 00:00:00,False,False,,,,,
2021-01-10 01:46:12,1348083688597311491,18831926,DrEricDing,2021-02-10 00:00:00,False,False,,,,,
2021-01-10 00:32:53,1348065238051135491,18831926,DrEricDing,2021-02-14 00:00:00,False,False,,,,,
2021-01-10 00:37:09,1348066314523467776,18831926,DrEricDing,2021-02-10 00:00:00,False,False,,,,,
2021-01-10 22:34:07,1348397737574805507,18831926,DrEricDing,2021-02-11 00:00:00,False,False,,,,,
2021-01-10 01:32:28,1348080234265006082,18831926,DrEricDing,2021-02-09 00:00:00,False,False,,,,,
2021-01-10 01:39:48,1348082080576626689,18831926,DrEricDing,2021-02-13 00:00:00,False,False,,,,,
2021-01-10 17:08:02,1348315675673194496,18831926,DrEricDing,2021-02-10 00:00:00,False,False,,,,,
2021-01-10 00:40:10,1348067072375468034,18831926,DrEricDing,2021-02-09 00:00:00,False,False,,,,,
2021-01-10 00:34:26,1348065629505531906,18831926,DrEricDing,2021-02-13 00:00:00,False,False,,,,,
2021-01-10 00:34:56,1348065754533531653,18831926,DrEricDing,2021-02-11 00:00:00,False,False,,,,,
2021-01-10 16:31:47,1348306553514946561,18831926,DrEricDing,2021-02-10 00:00:00,False,False,,,,,
2021-01-10 01:48:19,1348084220611223559,18831926,DrEricDing,2021-02-11 00:00:00,False,False,,,,,
2021-01-10 17:05:06,1348314938448732160,18831926,DrEricDing,2021-02-09 00:00:00,False,False,,,,,
2021-01-10 01:37:43,1348081555269427204,18831926,DrEricDing,2021-02-09 00:00:00,False,False,,,,,
2021-01-10 00:30:46,1348064706741866505,18831926,DrEricDing,2021-02-11 00:00:00,False,False,,,,,
2021-01-10 19:30:34,1348351547890159623,18831926,DrEricDing,2021-02-09 00:00:00,False,False,,,,,
2021-01-10 23:18:34,1348408925507477507,18831926,DrEricDing,2021-02-16 00:00:00,False,False,,,,,
2021-01-10 01:42:35,1348082777980362754,18831926,DrEricDing,2021-02-10 00:00:00,False,False,,,,,
2021-01-10 10:48:59,1348220286102081538,18831926,DrEricDing,2021-02-10 00:00:00,False,False,,,,,
2021-01-10 01:41:19,1348082462509961216,18831926,DrEricDing,2021-02-10 00:00:00,False,False,,,,,
2021-01-10 09:33:48,1348201366112641024,18831926,DrEricDing,2021-02-22 00:00:00,False,False,,,,,
2021-01-10 01:36:06,1348081146278653954,18831926,DrEricDing,2021-02-12 00:00:00,False,False,,,,,
2021-01-10 00:28:43,1348064191274430466,18831926,DrEricDing,2021-02-09 00:00:00,False,False,,,,,
2021-01-10 17:04:16,1348314730230906883,18831926,DrEricDing,2021-02-10 00:00:00,False,False,,,,,
2021-01-10 16:28:36,1348305753879281667,18831926,DrEricDing,2021-02-08 00:00:00,False,False,,,,,
2021-01-10 10:43:53,1348219003278389249,18831926,DrEricDing,2021-02-11 00:00:00,False,False,,,,,
2021-01-10 00:48:58,1348069285143470080,18831926,DrEricDing,2021-02-14 00:00:00,False,False,,,,,
2021-01-10 21:36:03,1348383125278253060,23600262,EleanorNorton,2021-02-11 00:00:00,False,False,,,,,
2021-01-10 21:36:03,1348383123734720514,23600262,EleanorNorton,2021-02-14 00:00:00,False,False,,,,,
2021-01-10 01:29:52,1348079581320908807,930529778804826112,ElectBrannon,2021-02-14 00:00:00,False,False,,,,,
2021-01-10 17:09:11,1348315964312604674,125706625,ElectConnolly,2021-02-18 00:00:00,False,False,,,,,
2021-01-10 22:12:33,1348392311387000832,165172022,ElectQuinn,2021-02-14 00:00:00,False,False,,,,,
2021-01-10 03:34:47,1348111013766455297,1071510578190053381,ElisaCardnell,2021-02-14 00:00:00,False,False,,,,,
2021-01-10 16:05:19,1348299893316714497,1071510578190053381,ElisaCardnell,2021-02-15 00:00:00,False,False,,,,,
2021-01-10 00:26:51,1348063722720268288,1071510578190053381,ElisaCardnell,2021-02-13 00:00:00,False,False,,,,,
2021-01-10 21:57:11,1348388444381310977,109579534,EliseStefanik,2021-02-14 00:00:00,False,False,,,,,
2021-01-10 00:49:42,1348069470619787265,109579534,EliseStefanik,2021-02-11 00:00:00,False,False,,,,,
2021-01-10 22:24:20,1348395275027668992,109579534,EliseStefanik,2021-02-10 00:00:00,False,False,,,,,
2021-01-10 21:27:56,1348381082689929218,109579534,EliseStefanik,2021-02-15 00:00:00,False,False,,,,,
2021-01-10 13:05:27,1348254629008707585,109579534,EliseStefanik,2021-02-22 00:00:00,False,False,,,,,
2021-01-10 01:42:39,1348082797135671297,109579534,EliseStefanik,2021-02-12 00:00:00,False,False,,,,,
2021-01-10 21:21:23,1348379436257722369,935580000312426497,ElizabethHeng,2021-02-12 00:00:00,False,False,,,,,
2021-01-10 02:31:20,1348095047296720898,16669896,Ellars,2021-02-22 00:00:00,False,False,,,,,
2021-01-10 21:15:42,1348378003064061952,16669896,Ellars,2021-02-20 00:00:00,False,False,,,,,
2021-01-10 19:08:15,1348345932383862787,16669896,Ellars,2021-02-22 00:00:00,False,False,,,,,
2021-01-10 16:42:45,1348309315006840836,829828033674555393,EricEarly_CA,2021-02-09 00:00:00,True,False,"This claim of election fraud is disputed, and this Tweet can’t be replied to, Retweeted, or liked due to a risk of violence",https://twitter.com/i/events/1308626736066617344,,,
2021-01-10 20:29:41,1348366423853187072,1177439542921445377,EricG1247,2021-02-10 00:00:00,False,False,,,,,
2021-01-10 22:18:57,1348393923442470913,1177439542921445377,EricG1247,2021-02-10 00:00:00,False,False,,,,,
2021-01-10 21:44:54,1348385354370306049,1177439542921445377,EricG1247,2021-02-10 00:00:00,False,False,,,,,
2021-01-10 09:12:26,1348195989711032320,1177439542921445377,EricG1247,2021-02-10 00:00:00,False,False,,,,,
2021-01-10 08:43:03,1348188593601138691,1177439542921445377,EricG1247,2021-02-10 00:00:00,False,False,,,,,
2021-01-10 04:03:22,1348118206922194948,1177439542921445377,EricG1247,2021-02-11 00:00:00,False,False,,,,,
2021-01-10 06:09:52,1348150044529053705,1177439542921445377,EricG1247,2021-02-11 00:00:00,False,False,,,,,
2021-01-10 11:48:32,1348235273398865920,1177439542921445377,EricG1247,2021-02-10 00:00:00,False,False,,,,,
2021-01-10 04:17:52,1348121857543659524,1177439542921445377,EricG1247,2021-02-11 00:00:00,False,False,,,,,
2021-01-10 22:53:02,1348402500785770496,1177439542921445377,EricG1247,2021-02-11 00:00:00,False,False,,,,,
2021-01-10 20:35:04,1348367779250860032,1177439542921445377,EricG1247,2021-02-10 00:00:00,False,False,,,,,
2021-01-10 07:46:59,1348174483723468802,1177439542921445377,EricG1247,2021-02-10 00:00:00,False,False,,,,,
2021-01-10 06:35:23,1348156464632717312,1177439542921445377,EricG1247,2021-02-08 00:00:00,False,False,,,,,
2021-01-10 06:51:29,1348160518066868226,1177439542921445377,EricG1247,2021-02-10 00:00:00,False,False,,,,,
2021-01-10 04:41:04,1348127696325283847,1177439542921445377,EricG1247,2021-02-13 00:00:00,False,False,,,,,
2021-01-10 23:01:10,1348404543709581315,1177439542921445377,EricG1247,2021-02-14 00:00:00,False,False,,,,,
2021-01-10 06:26:13,1348154159086804992,1177439542921445377,EricG1247,2021-02-09 00:00:00,False,False,,,,,
2021-01-10 04:06:32,1348119004435652609,1177439542921445377,EricG1247,2021-02-14 00:00:00,False,False,,,,,
2021-01-10 22:05:38,1348390568330551297,1177439542921445377,EricG1247,2021-02-09 00:00:00,False,False,,,,,
2021-01-10 09:07:37,1348194774767976449,1177439542921445377,EricG1247,2021-02-14 00:00:00,False,False,,,,,
2021-01-10 23:53:56,1348417823643557888,1177439542921445377,EricG1247,2021-02-12 00:00:00,False,False,,,,,
2021-01-10 07:58:20,1348177341285949440,1177439542921445377,EricG1247,2021-02-13 00:00:00,False,False,,,,,
2021-01-10 01:25:59,1348078602613493760,1177439542921445377,EricG1247,2021-02-15 00:00:00,False,False,,,,,
2021-01-10 06:17:19,1348151918019764226,1177439542921445377,EricG1247,2021-02-12 00:00:00,False,False,,,,,
2021-01-10 03:39:24,1348112178214100993,1177439542921445377,EricG1247,2021-02-15 00:00:00,False,False,,,,,
2021-01-10 23:58:29,1348418970894831616,1177439542921445377,EricG1247,2021-02-11 00:00:00,False,False,,,,,
2021-01-10 03:54:45,1348116040916455424,1177439542921445377,EricG1247,2021-02-16 00:00:00,False,False,,,,,
2021-01-10 22:24:01,1348395194580832256,1177439542921445377,EricG1247,2021-02-15 00:00:00,False,False,,,,,
2021-01-10 03:10:39,1348104944105123842,1177439542921445377,EricG1247,2021-02-16 00:00:00,False,False,,,,,
2021-01-10 01:26:53,1348078827868573697,1177439542921445377,EricG1247,2021-02-22 00:00:00,False,False,,,,,
2021-01-10 22:06:33,1348390800007122946,1177439542921445377,EricG1247,2021-02-09 00:00:00,False,False,,,,,
2021-01-10 00:57:06,1348071334215966721,227458017,EricHolguinTX,2021-02-14 00:00:00,False,False,,,,,
2021-01-10 17:48:45,1348325922068459521,3876356669,EvelynNFarkas,2021-02-14 00:00:00,False,False,,,,,
2021-01-10 15:52:03,1348296554126389249,3876356669,EvelynNFarkas,2021-02-10 00:00:00,False,False,,,,,
2021-01-10 03:16:16,1348106354528026624,123899931,FordOConnell,2021-02-13 00:00:00,False,False,,,,,
2021-01-10 17:03:02,1348314418682208258,31801993,FrankPallone,2021-02-16 00:00:00,False,False,,,,,
2021-01-10 17:34:00,1348322210558193666,31801993,FrankPallone,2021-02-14 00:00:00,False,False,,,,,
2021-01-10 21:55:35,1348388041878999040,1198616242606596096,FreelandCO5,2021-02-13 00:00:00,False,False,,,,,
2021-01-10 22:44:46,1348400419664322560,1198616242606596096,FreelandCO5,2021-02-11 00:00:00,False,False,,,,,
2021-01-10 22:38:12,1348398766944964609,1198616242606596096,FreelandCO5,2021-02-10 00:00:00,False,False,,,,,
2021-01-10 19:19:56,1348348868547719169,19739126,GOPLeader,2021-02-09 00:00:00,False,False,,,,,
2021-01-10 16:58:12,1348313203038593025,11347122,GavinNewsom,2021-02-09 00:00:00,False,False,,,,,
2021-01-10 00:11:57,1348059972181975040,11347122,GavinNewsom,2021-02-09 00:00:00,False,False,,,,,
2021-01-10 21:47:01,1348385885218349056,850507814023942144,GeorgePapa19,2021-02-09 00:00:00,False,False,,,,,
2021-01-10 02:59:46,1348102201474953221,850507814023942144,GeorgePapa19,2021-02-09 00:00:00,False,False,,,,,
2021-01-10 14:27:37,1348275305509777409,850507814023942144,GeorgePapa19,2021-02-09 00:00:00,False,False,,,,,
2021-01-10 02:00:04,1348087179432648704,78445977,GerryConnolly,2021-02-09 00:00:00,False,False,,,,,
2021-01-10 16:45:10,1348309922191179779,1192549822865297409,GovAndyBeshear,2021-02-15 00:00:00,False,False,,,,,
2021-01-10 14:32:48,1348276611691503625,1192549822865297409,GovAndyBeshear,2021-02-13 00:00:00,False,False,,,,,
2021-01-10 22:04:48,1348390362268774400,1192549822865297409,GovAndyBeshear,2021-02-12 00:00:00,False,False,,,,,
2021-01-10 00:15:25,1348060842600890368,1084924525232513025,GovBillLee,2021-02-10 00:00:00,False,False,,,,,
2021-01-10 19:17:53,1348348352824532994,1084924525232513025,GovBillLee,2021-02-21 00:00:00,False,False,,,,,
2021-01-10 15:44:16,1348294594593751044,1084924525232513025,GovBillLee,2021-02-20 00:00:00,False,False,,,,,
2021-01-10 22:27:26,1348396057605115911,816282120767291392,GovChrisSununu,2021-02-12 00:00:00,False,False,,,,,
2021-01-10 16:43:44,1348309561833385984,234896532,GovEvers,2021-02-12 00:00:00,False,False,,,,,
2021-01-10 16:44:48,1348309829991997445,234896532,GovEvers,2021-02-19 00:00:00,False,False,,,,,
2021-01-10 19:02:50,1348344569188913154,1077214808,GovInslee,2021-02-11 00:00:00,False,False,,,,,
2021-01-10 18:30:54,1348336531761717248,1064659902071808000,GovKemp,2021-02-11 00:00:00,False,False,,,,,
2021-01-10 23:52:24,1348417439328047112,1064659902071808000,GovKemp,2021-02-13 00:00:00,False,False,,,,,
2021-01-10 17:38:00,1348323217107283968,2987671552,GovLarryHogan,2021-02-10 00:00:00,False,False,,,,,
2021-01-10 17:14:06,1348317201535803396,2987671552,GovLarryHogan,2021-02-13 00:00:00,False,False,,,,,
2021-01-10 17:14:04,1348317196850753538,2987671552,GovLarryHogan,2021-02-11 00:00:00,False,False,,,,,
2021-01-10 00:10:26,1348059588575195136,1070083706822438912,GovMLG,2021-02-15 00:00:00,False,False,,,,,
2021-01-10 19:22:53,1348349614534103041,18820392,GovMikeDeWine,2021-02-11 00:00:00,False,False,,,,,
2021-01-10 21:53:01,1348387395469799426,948946378939609089,GovMurphy,2021-02-10 00:00:00,False,False,,,,,
2021-01-10 16:37:28,1348307985886568457,948946378939609089,GovMurphy,2021-02-14 00:00:00,False,False,,,,,
2021-01-10 22:57:14,1348403554256642052,1076293903723233280,GovNedLamont,2021-02-11 00:00:00,False,False,,,,,
2021-01-10 19:30:18,1348351480714170368,1076293903723233280,GovNedLamont,2021-02-11 00:00:00,False,False,,,,,
2021-01-10 21:25:01,1348380349542371328,1003672320781807616,GovParsonMO,2021-02-17 00:00:00,False,False,,,,,
2021-01-10 00:41:00,1348067280530202626,1003672320781807616,GovParsonMO,2021-02-11 00:00:00,False,False,,,,,
2021-01-10 19:42:00,1348354422535905281,1003672320781807616,GovParsonMO,2021-02-13 00:00:00,False,False,,,,,
2021-01-10 15:43:00,1348294276401094659,545107258,GovPhilScott,2021-02-14 00:00:00,False,False,,,,,
2021-01-10 22:48:01,1348401234357706753,2891165960,GovRicketts,2021-02-15 00:00:00,False,False,,,,,
2021-01-10 15:06:53,1348285189663961089,1058807868,GovRonDeSantis,2021-02-11 00:00:00,False,False,,,,,
2021-01-10 16:12:02,1348301584468504577,1058807868,GovRonDeSantis,2021-02-09 00:00:00,False,False,,,,,
2021-01-10 22:29:52,1348396669860196354,1058807868,GovRonDeSantis,2021-02-10 00:00:00,False,False,,,,,
2021-01-10 22:54:14,1348402799424524290,1058807868,GovRonDeSantis,2021-02-09 00:00:00,False,False,,,,,
2021-01-10 15:02:55,1348284189527994370,1064603540956565504,GovTimWalz,2021-02-10 00:00:00,False,False,,,,,
2021-01-10 17:38:19,1348323298892013571,19668491,GovernorKayIvey,2021-02-15 00:00:00,False,False,,,,,
2021-01-10 17:38:03,1348323230734540800,19668491,GovernorKayIvey,2021-02-14 00:00:00,False,False,,,,,
2021-01-10 17:39:02,1348323477212844032,19668491,GovernorKayIvey,2021-02-13 00:00:00,False,False,,,,,
2021-01-10 23:09:53,1348406740128309250,19668491,GovernorKayIvey,2021-02-18 00:00:00,False,False,,,,,
2021-01-10 17:51:18,1348326565013295104,104198706,GovernorVA,2021-02-09 00:00:00,False,False,,,,,
2021-01-10 03:24:36,1348108451684216832,571214272,Grace4NY,2021-02-10 00:00:00,False,False,,,,,
2021-01-10 14:40:44,1348278606427000834,571214272,Grace4NY,2021-02-09 00:00:00,False,False,,,,,
2021-01-10 04:22:23,1348122995093549057,571214272,Grace4NY,2021-02-09 00:00:00,False,False,,,,,
2021-01-10 21:42:00,1348384624259592205,571214272,Grace4NY,2021-02-19 00:00:00,False,False,,,,,
2021-01-10 01:25:00,1348078356579954688,571214272,Grace4NY,2021-02-13 00:00:00,False,False,,,,,
2021-01-10 18:05:54,1348330237864652803,571214272,Grace4NY,2021-02-09 00:00:00,False,False,,,,,
2021-01-10 16:26:41,1348305272209596417,875025043130068992,GreenfieldIowa,2021-02-09 00:00:00,False,False,,,,,
2021-01-10 18:24:16,1348334863385063424,90651198,GregAbbott_TX,2021-02-09 00:00:00,False,False,,,,,
2021-01-10 20:29:54,1348366480182833157,90651198,GregAbbott_TX,2021-02-10 00:00:00,False,False,,,,,
2021-01-10 22:51:52,1348402207310442496,90651198,GregAbbott_TX,2021-02-11 00:00:00,False,False,,,,,
2021-01-10 16:04:14,1348299620443684864,1099070777738055681,GregMusselwhit3,2021-02-14 00:00:00,False,False,,,,,
2021-01-10 10:59:19,1348222887170371589,1099070777738055681,GregMusselwhit3,2021-02-14 00:00:00,False,False,,,,,
2021-01-10 15:47:36,1348295433706217474,1099070777738055681,GregMusselwhit3,2021-02-10 00:00:00,False,False,,,,,
2021-01-10 10:50:15,1348220604244250625,1099070777738055681,GregMusselwhit3,2021-02-15 00:00:00,False,False,,,,,
2021-01-10 00:13:25,1348060338562985985,391445643,HaleyLive,2021-02-13 00:00:00,False,False,,,,,
2021-01-10 03:56:11,1348116401408659457,391445643,HaleyLive,2021-03-05 00:00:00,False,False,,,,,
2021-01-10 17:21:20,1348319023927357441,391445643,HaleyLive,2021-02-10 00:00:00,False,False,,,,,
2021-01-10 03:55:32,1348116238325723136,391445643,HaleyLive,2021-02-13 00:00:00,False,False,,,,,
2021-01-10 06:10:42,1348150253636231170,1170148940613861376,Hansen4Congress,2021-02-14 00:00:00,False,False,,,,,
2021-01-10 16:33:20,1348306944206000129,1170148940613861376,Hansen4Congress,2021-02-16 00:00:00,False,False,,,,,
2021-01-10 02:43:01,1348097986421788672,1170148940613861376,Hansen4Congress,2021-02-10 00:00:00,False,False,,,,,
2021-01-10 23:14:15,1348407839610478593,27789237,HarleyRouda,2021-02-11 00:00:00,False,False,,,,,
2021-01-10 20:14:27,1348362590725025793,1143052930473496578,HillaryMueri,2021-02-10 00:00:00,False,False,,,,,
2021-01-10 12:05:07,1348239445464674305,1143052930473496578,HillaryMueri,2021-02-15 00:00:00,False,False,,,,,
2021-01-10 18:47:31,1348340714501976065,1143052930473496578,HillaryMueri,2021-02-10 00:00:00,False,False,,,,,
2021-01-10 16:27:44,1348305534487769089,1143052930473496578,HillaryMueri,2021-02-11 00:00:00,False,False,,,,,
2021-01-10 19:30:59,1348351651250401281,1143052930473496578,HillaryMueri,2021-02-11 00:00:00,False,False,,,,,
2021-01-10 16:27:39,1348305515378577412,941754604118831105,HuffmanForNC,2021-02-09 00:00:00,False,False,,,,,
2021-01-10 19:07:52,1348345831968169985,941754604118831105,HuffmanForNC,2021-02-11 00:00:00,False,False,,,,,
2021-01-10 15:51:34,1348296435276652544,941754604118831105,HuffmanForNC,2021-02-16 00:00:00,False,False,,,,,
2021-01-10 15:12:59,1348286722216513539,941754604118831105,HuffmanForNC,2021-02-10 00:00:00,False,False,,,,,
2021-01-10 14:32:08,1348276442174550021,941754604118831105,HuffmanForNC,2021-02-13 00:00:00,False,False,,,,,
2021-01-10 19:10:22,1348346464880234503,941754604118831105,HuffmanForNC,2021-02-10 00:00:00,False,False,,,,,
2021-01-10 19:25:49,1348350350022107137,941754604118831105,HuffmanForNC,2021-02-11 00:00:00,False,False,,,,,
2021-01-10 17:38:43,1348323397835624448,941754604118831105,HuffmanForNC,2021-02-11 00:00:00,False,False,,,,,
2021-01-10 15:12:59,1348286723072131072,941754604118831105,HuffmanForNC,2021-02-13 00:00:00,False,False,,,,,
2021-01-10 15:15:12,1348287280067342336,941754604118831105,HuffmanForNC,2021-02-11 00:00:00,False,False,,,,,
2021-01-10 17:08:52,1348315884847202308,2355611766,IDJoe4Congress,2021-02-11 00:00:00,False,False,,,,,
2021-01-10 17:05:24,1348315013807697923,2355611766,IDJoe4Congress,2021-02-16 00:00:00,False,False,,,,,
2021-01-10 23:18:06,1348408807227969536,2355611766,IDJoe4Congress,2021-02-11 00:00:00,False,False,,,,,
2021-01-10 21:50:53,1348386857785036801,2355611766,IDJoe4Congress,2021-02-13 00:00:00,False,False,,,,,
2021-01-10 18:00:00,1348328755203198976,2355611766,IDJoe4Congress,2021-02-11 00:00:00,False,False,,,,,
2021-01-10 18:06:32,1348330397084643329,1082334352711790593,Ilhan,2021-02-10 00:00:00,False,False,,,,,
2021-01-10 15:12:15,1348286540124979203,783792992,IlhanMN,2021-02-09 00:00:00,False,False,,,,,
2021-01-10 15:36:10,1348292557667774468,783792992,IlhanMN,2021-02-08 00:00:00,False,False,,,,,
2021-01-10 19:26:17,1348350469127761920,783792992,IlhanMN,2021-02-09 00:00:00,False,False,,,,,
2021-01-10 17:00:36,1348313804963196933,783792992,IlhanMN,2021-02-09 00:00:00,False,False,,,,,
2021-01-10 14:46:25,1348280038635024385,783792992,IlhanMN,2021-02-09 00:00:00,False,False,,,,,
2021-01-10 16:44:42,1348309806805905409,783792992,IlhanMN,2021-02-09 00:00:00,False,False,,,,,
2021-01-10 00:11:20,1348059814673461250,783792992,IlhanMN,2021-02-09 00:00:00,False,False,,,,,
2021-01-10 23:36:19,1348413391388499969,783792992,IlhanMN,2021-02-17 00:00:00,False,False,,,,,
2021-01-10 02:16:08,1348091224612364290,783792992,IlhanMN,2021-02-09 00:00:00,False,False,,,,,
2021-01-10 16:18:34,1348303228576944134,783792992,IlhanMN,2021-02-12 00:00:00,False,False,,,,,
2021-01-10 20:31:00,1348366754221875204,783792992,IlhanMN,2021-02-09 00:00:00,False,False,,,,,
2021-01-10 21:56:55,1348388375745744903,783792992,IlhanMN,2021-02-09 00:00:00,False,False,,,,,
2021-01-10 17:47:05,1348325505066541060,292083207,IronStache,2021-02-11 00:00:00,False,False,,,,,
2021-01-10 20:41:41,1348369444087738368,292083207,IronStache,2021-02-12 00:00:00,False,False,,,,,
2021-01-10 17:05:18,1348314988725870592,292083207,IronStache,2021-02-10 00:00:00,False,False,,,,,
2021-01-10 17:15:25,1348317533879861248,292083207,IronStache,2021-02-12 00:00:00,False,False,,,,,
2021-01-10 21:11:39,1348376986423599107,292083207,IronStache,2021-02-11 00:00:00,False,False,,,,,
2021-01-10 20:33:53,1348367482281619459,887704019296276482,JDScholten,2021-02-11 00:00:00,False,False,,,,,
2021-01-10 19:29:11,1348351196470382604,1152568187097100288,JENFL23,2021-02-13 00:00:00,False,False,,,,,
2021-01-10 22:40:59,1348399466806697990,1152568187097100288,JENFL23,2021-02-11 00:00:00,False,False,,,,,
2021-01-10 00:33:03,1348065282540105730,1152568187097100288,JENFL23,2021-02-10 00:00:00,False,False,,,,,
2021-01-10 01:12:36,1348075235543814147,1152568187097100288,JENFL23,2021-02-21 00:00:00,False,False,,,,,
2021-01-10 01:54:25,1348085756389187584,1152568187097100288,JENFL23,2021-02-10 00:00:00,False,False,,,,,
2021-01-10 01:42:37,1348082789141393411,1152568187097100288,JENFL23,2021-02-09 00:00:00,False,False,,,,,
2021-01-10 15:01:35,1348283853870346242,1152568187097100288,JENFL23,2021-02-12 00:00:00,False,False,,,,,
2021-01-10 14:56:11,1348282497172463618,1152568187097100288,JENFL23,2021-02-14 00:00:00,False,False,,,,,
2021-01-10 03:33:20,1348110652364238848,1152568187097100288,JENFL23,2021-02-14 00:00:00,False,False,,,,,
2021-01-10 02:29:42,1348094637882433537,1152568187097100288,JENFL23,2021-02-16 00:00:00,False,False,,,,,
2021-01-10 01:55:32,1348086038649057280,1152568187097100288,JENFL23,2021-02-11 00:00:00,False,False,,,,,
2021-01-10 04:12:35,1348120526947028992,1152568187097100288,JENFL23,2021-02-14 00:00:00,False,False,,,,,
2021-01-10 22:32:01,1348397209830760448,31129627,JFKii,2021-02-13 00:00:00,False,False,,,,,
2021-01-10 16:54:58,1348312387988946946,2854037512,JWKeady,2021-02-12 00:00:00,False,False,,,,,
2021-01-10 21:35:09,1348382900748750850,80612021,JacksonLeeTX18,2021-02-14 00:00:00,False,False,,,,,
2021-01-10 22:18:32,1348393815296544769,26236022,Jaffe4Congress,2021-02-14 00:00:00,False,False,,,,,
2021-01-10 17:33:51,1348322174663348226,4870048156,JakeAuch,2021-02-17 00:00:00,False,False,,,,,
2021-01-10 17:33:51,1348322175632203790,4870048156,JakeAuch,2021-02-22 00:00:00,False,False,,,,,
2021-01-10 18:51:49,1348341793360932864,1138076821533155328,JamaalBowmanNY,2021-02-09 00:00:00,False,False,,,,,
2021-01-10 13:47:37,1348265240866267138,1138076821533155328,JamaalBowmanNY,2021-02-09 00:00:00,False,False,,,,,
2021-01-10 21:46:17,1348385700970946561,1112724144427139072,JamesBradleyCA,2021-02-11 00:00:00,False,False,,,,,
2021-01-10 12:49:32,1348250623989469184,1112724144427139072,JamesBradleyCA,2021-02-11 00:00:00,False,False,,,,,
2021-01-10 20:23:00,1348364743124410371,1112724144427139072,JamesBradleyCA,2021-02-09 00:00:00,False,False,,,,,
2021-01-10 01:55:00,1348085905643376640,1112724144427139072,JamesBradleyCA,2021-02-10 00:00:00,False,False,,,,,
2021-01-10 19:06:00,1348345365347643393,1112724144427139072,JamesBradleyCA,2021-02-10 00:00:00,False,False,,,,,
2021-01-10 04:49:03,1348129705678032897,823410689817583616,JamesThompsonKS,2021-02-14 00:00:00,False,False,,,,,
2021-01-10 05:32:18,1348140589691281409,878119205291180032,JamieforOregon,2021-02-14 00:00:00,False,False,,,,,
2021-01-10 05:32:18,1348140588416159746,878119205291180032,JamieforOregon,2021-02-11 00:00:00,False,False,,,,,
2021-01-10 05:32:17,1348140585295568898,878119205291180032,JamieforOregon,2021-02-15 00:00:00,False,False,,,,,
2021-01-10 05:32:18,1348140590706249729,878119205291180032,JamieforOregon,2021-02-15 00:00:00,False,False,,,,,
2021-01-10 22:36:14,1348398271866097665,334894942,JaredHuffman,2021-02-14 00:00:00,False,False,,,,,
2021-01-10 18:57:44,1348343281978138631,851477335052140544,JasonCrowCO6,2021-02-10 00:00:00,False,False,,,,,
2021-01-10 00:17:28,1348061358714212352,26653478,JasonSmithMO,2021-03-10 00:00:00,False,False,,,,,
2021-01-10 17:34:00,1348322210503557121,26653478,JasonSmithMO,2021-02-10 00:00:00,False,False,,,,,
2021-01-10 03:29:39,1348109723384602626,700359998,JennieLouLeeder,2021-02-21 00:00:00,False,False,,,,,
2021-01-10 17:38:22,1348323310069809153,700359998,JennieLouLeeder,2021-02-13 00:00:00,False,False,,,,,
2021-01-10 03:17:37,1348106694778355712,700359998,JennieLouLeeder,2021-02-17 00:00:00,False,False,,,,,
2021-01-10 02:52:09,1348100287752507395,700359998,JennieLouLeeder,2021-02-10 00:00:00,False,False,,,,,
2021-01-10 19:49:15,1348356250245992452,1180247201441865728,JessicaTaylorAL,2021-02-11 00:00:00,False,False,,,,,
2021-01-10 16:03:24,1348299412515250179,18166778,Jim_Jordan,2021-02-09 00:00:00,False,False,,,,,
2021-01-10 23:57:05,1348418616392364042,18166778,Jim_Jordan,2021-02-09 00:00:00,False,False,,,,,
2021-01-10 16:07:41,1348300489188728834,398193180,JimmyGomezCA,2021-02-13 00:00:00,False,False,,,,,
2021-01-10 23:28:04,1348411313987461124,231510077,JoaquinCastrotx,2021-02-09 00:00:00,False,False,,,,,
2021-01-10 02:10:59,1348089928719204354,231510077,JoaquinCastrotx,2021-02-08 00:00:00,False,False,,,,,
2021-01-10 16:16:54,1348302810312568833,231510077,JoaquinCastrotx,2021-02-09 00:00:00,False,False,,,,,
2021-01-10 00:30:00,1348064513170567168,939091,JoeBiden,2021-02-09 00:00:00,False,False,,,,,
2021-01-10 19:30:00,1348351402624524288,939091,JoeBiden,2021-02-08 00:00:00,False,False,,,,,
2021-01-10 16:05:00,1348299813163474944,939091,JoeBiden,2021-02-09 00:00:00,False,False,,,,,
2021-01-10 13:56:42,1348267528188014594,826589191412862976,JoeCunninghamSC,2021-02-14 00:00:00,False,False,,,,,
2021-01-10 23:27:42,1348411221322706947,826589191412862976,JoeCunninghamSC,2021-02-16 00:00:00,False,False,,,,,
2021-01-10 19:23:33,1348349780301381633,826589191412862976,JoeCunninghamSC,2021-02-15 00:00:00,False,False,,,,,
2021-01-10 00:27:14,1348063816978993152,1542372750,JoeNeguse,2021-02-11 00:00:00,False,False,,,,,
2021-01-10 22:06:47,1348390858274516993,15007149,JohnKerry,2021-02-10 00:00:00,False,False,,,,,
2021-01-10 22:06:46,1348390857356013569,15007149,JohnKerry,2021-02-09 00:00:00,False,False,,,,,
2021-01-10 19:22:18,1348349465778921473,938817255126831105,JohnKiehneForMo,2021-03-05 00:00:00,False,False,,,,,
2021-01-10 13:05:56,1348254748558946306,938817255126831105,JohnKiehneForMo,2021-02-09 00:00:00,False,False,,,,,
2021-01-10 12:39:26,1348248080215379974,938817255126831105,JohnKiehneForMo,2021-02-12 00:00:00,False,False,,,,,
2021-01-10 16:32:11,1348306656707407882,4592514447,JohnPaul4USA,2021-02-22 00:00:00,False,False,,,,,
2021-01-10 17:42:03,1348324237547892739,329221989,JohnnyAkzam,2021-02-13 00:00:00,False,False,,,,,
2021-01-10 23:13:02,1348407533644500992,329221989,JohnnyAkzam,2021-02-10 00:00:00,False,False,,,,,
2021-01-10 17:53:08,1348327025073799168,329221989,JohnnyAkzam,2021-02-13 00:00:00,False,False,,,,,
2021-01-10 06:05:47,1348149014143840256,329221989,JohnnyAkzam,2021-02-17 00:00:00,False,False,,,,,
2021-01-10 22:44:07,1348400254698336256,329221989,JohnnyAkzam,2021-02-10 00:00:00,False,False,,,,,
2021-01-10 05:12:36,1348135630191140867,329221989,JohnnyAkzam,2021-02-14 00:00:00,False,False,,,,,
2021-01-10 01:51:19,1348084976521273345,329221989,JohnnyAkzam,2021-02-12 00:00:00,False,False,,,,,
2021-01-10 17:46:21,1348325318717825025,329221989,JohnnyAkzam,2021-02-18 00:00:00,False,False,,,,,
2021-01-10 07:38:55,1348172454032654339,557046603,Johnny_Congress,2021-02-13 00:00:00,False,False,,,,,
2021-01-10 06:10:46,1348150272221007876,557046603,Johnny_Congress,2021-02-13 00:00:00,False,False,,,,,
2021-01-10 23:56:20,1348418429217226755,557046603,Johnny_Congress,2021-02-13 00:00:00,False,False,,,,,
2021-01-10 06:19:59,1348152591436320769,557046603,Johnny_Congress,2021-02-17 00:00:00,False,False,,,,,
2021-01-10 04:45:02,1348128693881720835,557046603,Johnny_Congress,2021-02-12 00:00:00,False,False,,,,,
2021-01-10 04:41:20,1348127765254397952,557046603,Johnny_Congress,2021-02-11 00:00:00,False,False,,,,,
2021-01-10 23:14:33,1348407915313561601,1203990155578761216,JohsieC,2021-02-12 00:00:00,False,False,,,,,
2021-01-10 23:14:05,1348407795750760453,1203990155578761216,JohsieC,2021-03-11 00:00:00,False,False,,,,,
2021-01-10 23:14:44,1348407961576742915,1203990155578761216,JohsieC,2021-02-14 00:00:00,False,False,,,,,
2021-01-10 17:10:27,1348316285042634753,1203990155578761216,JohsieC,2021-02-10 00:00:00,False,False,,,,,
2021-01-10 23:15:05,1348408049166397445,1203990155578761216,JohsieC,2021-02-18 00:00:00,False,False,,,,,
2021-01-10 00:29:48,1348064463048597504,1203990155578761216,JohsieC,2021-02-12 00:00:00,False,False,,,,,
2021-01-10 17:44:18,1348324804651266048,1203990155578761216,JohsieC,2021-02-16 00:00:00,False,False,,,,,
2021-01-10 23:15:28,1348408143404036097,1203990155578761216,JohsieC,2021-02-10 00:00:00,False,False,,,,,
2021-01-10 05:41:24,1348142879437426688,1203990155578761216,JohsieC,2021-02-09 00:00:00,False,False,,,,,
2021-01-10 11:12:37,1348226234577264642,1149723393245220864,Judson4Congress,2021-02-14 00:00:00,False,False,,,,,
2021-01-10 16:32:20,1348306692077998081,1149723393245220864,Judson4Congress,2021-02-13 00:00:00,False,False,,,,,
2021-01-10 20:51:31,1348371917930192900,1149723393245220864,Judson4Congress,2021-02-09 00:00:00,False,False,,,,,
2021-01-10 19:35:56,1348352897046740992,1149723393245220864,Judson4Congress,2021-03-10 00:00:00,False,False,,,,,
2021-01-10 23:19:35,1348409181481689088,1149723393245220864,Judson4Congress,2021-02-10 00:00:00,False,False,,,,,
2021-01-10 16:58:15,1348313215999111168,1149723393245220864,Judson4Congress,2021-02-12 00:00:00,False,False,,,,,
2021-01-10 01:10:02,1348074587586752513,1149723393245220864,Judson4Congress,2021-02-14 00:00:00,False,False,,,,,
2021-01-10 20:18:12,1348363535462641666,1149723393245220864,Judson4Congress,2021-02-11 00:00:00,False,False,,,,,
2021-01-10 21:28:41,1348381270217289729,1149723393245220864,Judson4Congress,2021-02-13 00:00:00,False,False,,,,,
2021-01-10 19:44:05,1348354948090748928,1149723393245220864,Judson4Congress,2021-03-05 00:00:00,False,False,,,,,
2021-01-10 20:13:58,1348362470365274116,1149723393245220864,Judson4Congress,2021-02-09 00:00:00,False,False,,,,,
2021-01-10 22:21:40,1348394605625176066,882621274803122176,JudsonSapp,2021-02-13 00:00:00,False,False,,,,,
2021-01-10 21:32:28,1348382225058979849,900510354127687680,JulieOliverTX,2021-02-13 00:00:00,False,False,,,,,
2021-01-10 17:24:47,1348319891594600450,900510354127687680,JulieOliverTX,2021-02-10 00:00:00,False,False,,,,,
2021-01-10 19:43:22,1348354768947851264,900510354127687680,JulieOliverTX,2021-02-11 00:00:00,False,False,,,,,
2021-01-10 02:49:59,1348099743172407298,900510354127687680,JulieOliverTX,2021-02-09 00:00:00,False,False,,,,,
2021-01-10 16:54:53,1348312368909053953,900510354127687680,JulieOliverTX,2021-02-11 00:00:00,False,False,,,,,
2021-01-10 18:46:05,1348340352630059010,900510354127687680,JulieOliverTX,2021-02-09 00:00:00,False,False,,,,,
2021-01-10 18:13:26,1348332133241286658,900510354127687680,JulieOliverTX,2021-02-15 00:00:00,False,False,,,,,
2021-01-10 21:32:27,1348382220453634053,900510354127687680,JulieOliverTX,2021-02-11 00:00:00,False,False,,,,,
2021-01-10 20:25:28,1348365361243185152,30354991,KamalaHarris,2021-02-09 00:00:00,False,False,,,,,
2021-01-10 22:44:14,1348400282993045505,30354991,KamalaHarris,2021-02-09 00:00:00,False,False,,,,,
2021-01-10 01:23:12,1348077901393092610,30354991,KamalaHarris,2021-02-09 00:00:00,False,False,,,,,
2021-01-10 05:21:22,1348137839117164546,17524863,Kanew,2021-02-11 00:00:00,False,False,,,,,
2021-01-10 13:42:15,1348263891562885125,17524863,Kanew,2021-02-11 00:00:00,False,False,,,,,
2021-01-10 18:24:40,1348334961770823687,17524863,Kanew,2021-02-15 00:00:00,False,False,,,,,
2021-01-10 14:51:40,1348281360650285058,17524863,Kanew,2021-02-13 00:00:00,False,False,,,,,
2021-01-10 01:07:27,1348073937578635264,17524863,Kanew,2021-02-16 00:00:00,False,False,,,,,
2021-01-10 21:07:09,1348375852384452608,17524863,Kanew,2021-02-10 00:00:00,False,False,,,,,
2021-01-10 04:06:47,1348119069376045056,17524863,Kanew,2021-02-14 00:00:00,False,False,,,,,
2021-01-10 21:17:01,1348378334120603650,17524863,Kanew,2021-02-11 00:00:00,False,False,,,,,
2021-01-10 21:16:51,1348378292638793728,24352029,KanielaIng,2021-02-10 00:00:00,False,False,,,,,
2021-01-10 20:46:58,1348370772968968194,24352029,KanielaIng,2021-02-18 00:00:00,False,False,,,,,
2021-01-10 15:50:17,1348296108456484864,839226269627621376,KatieHill4CA,2021-02-11 00:00:00,False,False,,,,,
2021-01-10 19:03:22,1348344701968150529,839226269627621376,KatieHill4CA,2021-02-11 00:00:00,False,False,,,,,
2021-01-10 21:05:15,1348375373961195523,839226269627621376,KatieHill4CA,2021-02-10 00:00:00,False,False,,,,,
2021-01-10 17:51:53,1348326712061419522,965903694171697152,KimDaughertyVA,2021-02-10 00:00:00,False,False,,,,,
2021-01-10 22:46:59,1348400977175404546,1138886434478182401,KimMangone,2021-02-09 00:00:00,False,False,,,,,
2021-01-10 22:02:06,1348389682195750912,1138886434478182401,KimMangone,2021-02-13 00:00:00,False,False,,,,,
2021-01-10 22:14:46,1348392869027975169,1138886434478182401,KimMangone,2021-02-08 00:00:00,False,False,,,,,
2021-01-10 23:30:58,1348412045880745986,1138886434478182401,KimMangone,2021-02-10 00:00:00,False,False,,,,,
2021-01-10 23:56:32,1348418478978465795,1138886434478182401,KimMangone,2021-02-09 00:00:00,False,False,,,,,
2021-01-10 00:47:14,1348068850860843008,1138886434478182401,KimMangone,2021-02-09 00:00:00,False,False,,,,,
2021-01-10 22:03:51,1348390122736111616,1138886434478182401,KimMangone,2021-02-09 00:00:00,False,False,,,,,
2021-01-10 14:39:16,1348278237571534848,834205583637147652,KimOlsonTx,2021-02-12 00:00:00,False,False,,,,,
2021-01-10 14:37:16,1348277733068050433,834205583637147652,KimOlsonTx,2021-02-12 00:00:00,False,False,,,,,
2021-01-10 00:04:33,1348058108329750528,1029094268542099457,Lancegooden,2021-02-09 00:00:00,False,False,,,,,
2021-01-10 17:50:15,1348326302223192066,1029094268542099457,Lancegooden,2021-02-09 00:00:00,False,False,,,,,
2021-01-10 23:38:11,1348413860152152064,1029094268542099457,Lancegooden,2021-02-09 00:00:00,False,False,,,,,
2021-01-10 16:23:25,1348304447382937604,65846554,LeeDugas2001,2021-02-14 00:00:00,False,False,,,,,
2021-01-10 16:23:24,1348304443947835402,65846554,LeeDugas2001,2021-02-16 00:00:00,False,False,,,,,
2021-01-10 09:00:32,1348192992746565635,1561703689,LiamOMaraIV,2021-02-14 00:00:00,False,False,,,,,
2021-01-10 13:35:43,1348262243977359362,798547004477599744,LindseyBoylan,2021-02-10 00:00:00,False,False,,,,,
2021-01-10 23:03:12,1348405058925436931,798547004477599744,LindseyBoylan,2021-02-19 00:00:00,False,False,,,,,
2021-01-10 23:03:11,1348405053078597633,798547004477599744,LindseyBoylan,2021-02-11 00:00:00,False,False,,,,,
2021-01-10 16:45:52,1348310097718628354,798547004477599744,LindseyBoylan,2021-02-13 00:00:00,False,False,,,,,
2021-01-10 15:01:34,1348283848682074112,798547004477599744,LindseyBoylan,2021-02-11 00:00:00,False,False,,,,,
2021-01-10 00:19:41,1348061917114458116,798547004477599744,LindseyBoylan,2021-02-11 00:00:00,False,False,,,,,
2021-01-10 00:00:03,1348056976736083969,798547004477599744,LindseyBoylan,2021-03-05 00:00:00,False,False,,,,,
2021-01-10 22:34:11,1348397755736207362,798547004477599744,LindseyBoylan,2021-02-13 00:00:00,False,False,,,,,
2021-01-10 14:52:07,1348281472076181507,798547004477599744,LindseyBoylan,2021-02-12 00:00:00,False,False,,,,,
2021-01-10 16:48:18,1348310709185237000,798547004477599744,LindseyBoylan,2021-02-21 00:00:00,False,False,,,,,
2021-01-10 22:11:03,1348391933874470913,798547004477599744,LindseyBoylan,2021-02-18 00:00:00,False,False,,,,,
2021-01-10 13:07:19,1348255100414926849,798547004477599744,LindseyBoylan,2021-02-10 00:00:00,False,False,,,,,
2021-01-10 14:50:15,1348281003014557698,798547004477599744,LindseyBoylan,2021-02-14 00:00:00,False,False,,,,,
2021-01-10 14:23:16,1348274209877872641,164312968,LisaMandelblatt,2021-02-18 00:00:00,False,False,,,,,
2021-01-10 15:23:51,1348289456458117121,166374616,LouisianaGov,2021-02-12 00:00:00,False,False,,,,,
2021-01-10 15:53:12,1348296844653305858,1172592211147444224,LuluForTexas,2021-02-11 00:00:00,False,False,,,,,
2021-01-10 00:24:49,1348063208830083075,1177987198131429378,LynzforCongress,2021-02-09 00:00:00,False,False,,,,,
2021-01-10 04:05:35,1348118767788826625,1177987198131429378,LynzforCongress,2021-02-14 00:00:00,False,False,,,,,
2021-01-10 01:51:10,1348084939925950464,1217296599954722817,MBenDavid2020,2021-02-13 00:00:00,False,False,,,,,
2021-01-10 01:49:20,1348084478506373123,40282700,MaElviraSalazar,2021-02-11 00:00:00,False,False,,,,,
2021-01-10 18:16:36,1348332930687356928,811239440916054016,Malinowski,2021-02-12 00:00:00,False,False,,,,,
2021-01-10 23:06:43,1348405944150069249,1270426374,Marie4Congress,2021-02-14 00:00:00,False,False,,,,,
2021-01-10 15:55:09,1348297335995047939,1128753232048685066,MarkCongressGA7,2021-02-17 00:00:00,False,False,,,,,
2021-01-10 22:38:37,1348398869680451584,1128753232048685066,MarkCongressGA7,2021-02-11 00:00:00,False,False,,,,,
2021-01-10 16:45:10,1348309922237317125,7429102,MarkWarner,2021-02-10 00:00:00,False,False,,,,,
2021-01-10 19:59:14,1348358758829842441,1191864003829608448,MarylandNickG,2021-02-19 00:00:00,False,False,,,,,
2021-01-10 15:29:26,1348290863563218945,1191864003829608448,MarylandNickG,2021-02-11 00:00:00,False,False,,,,,
2021-01-10 13:32:24,1348261410116165633,1404269089,MattBevin,2021-02-16 00:00:00,False,False,,,,,
2021-01-10 20:48:36,1348371184757452801,6672532,MattWhitaker46,2021-02-09 00:00:00,False,False,,,,,
2021-01-10 22:00:12,1348389202740862976,976542720,MayorBowser,2021-02-15 00:00:00,False,False,,,,,
2021-01-10 17:08:20,1348315751241961473,976542720,MayorBowser,2021-02-09 00:00:00,False,False,,,,,
2021-01-10 15:25:01,1348289752131383299,976542720,MayorBowser,2021-02-22 00:00:00,False,False,,,,,
2021-01-10 19:42:19,1348354502961885185,24950622,McCreadyForNC,2021-02-11 00:00:00,False,False,,,,,
2021-01-10 21:36:31,1348383243637321729,24950622,McCreadyForNC,2021-02-10 00:00:00,False,False,,,,,
2021-01-10 20:17:35,1348363380306948097,1105113081418526720,MeetMckayla,2021-02-11 00:00:00,False,False,,,,,
2021-01-10 02:21:03,1348092458543034371,1262536461670395905,Meg4Congress,2021-02-13 00:00:00,False,False,,,,,
2021-01-10 05:01:26,1348132822767329282,1120859546950434821,MerrittForGA,2021-02-11 00:00:00,False,False,,,,,
2021-01-10 22:31:15,1348397017584734209,1152327266967252992,MichaelRGuzik,2021-02-17 00:00:00,False,False,,,,,
2021-01-10 03:19:04,1348107062178324485,1152327266967252992,MichaelRGuzik,2021-02-12 00:00:00,False,False,,,,,
2021-01-10 20:23:14,1348364801076912128,14573926,MikeLevin,2021-02-09 00:00:00,False,False,,,,,
2021-01-10 16:36:29,1348307737743130629,872143958847045632,MondaireJones,2021-02-10 00:00:00,False,False,,,,,
2021-01-10 23:17:41,1348408702836101120,872143958847045632,MondaireJones,2021-02-10 00:00:00,False,False,,,,,
2021-01-10 17:42:10,1348324268443099136,872143958847045632,MondaireJones,2021-02-10 00:00:00,False,False,,,,,
2021-01-10 02:46:18,1348098813513379840,872143958847045632,MondaireJones,2021-02-10 00:00:00,False,False,,,,,
2021-01-10 06:24:07,1348153629933359106,3243006365,Morse4America,2021-02-20 00:00:00,False,False,,,,,
2021-01-10 06:24:06,1348153627316158466,3243006365,Morse4America,2021-02-11 00:00:00,False,False,,,,,
2021-01-10 17:28:42,1348320878757556228,34548760,MrAnthonyRogers,2021-02-16 00:00:00,False,False,,,,,
2021-01-10 15:01:27,1348283819468664834,34548760,MrAnthonyRogers,2021-02-13 00:00:00,False,False,,,,,
2021-01-10 19:02:12,1348344407792222209,34548760,MrAnthonyRogers,2021-03-04 00:00:00,False,False,,,,,
2021-01-10 17:35:14,1348322520521437184,34548760,MrAnthonyRogers,2021-02-14 00:00:00,False,False,,,,,
2021-01-10 18:06:22,1348330358626947072,34548760,MrAnthonyRogers,2021-02-21 00:00:00,False,False,,,,,
2021-01-10 18:24:00,1348334795936440322,34548760,MrAnthonyRogers,2021-02-14 00:00:00,False,False,,,,,
2021-01-10 14:12:28,1348271495836012547,34548760,MrAnthonyRogers,2021-02-11 00:00:00,False,False,,,,,
2021-01-10 16:49:49,1348311094507556865,311276757,MrMikeBlake,2021-02-11 00:00:00,False,False,,,,,
2021-01-10 18:05:27,1348330126279397379,311276757,MrMikeBlake,2021-02-09 00:00:00,False,False,,,,,
2021-01-10 16:07:15,1348300380132802561,311276757,MrMikeBlake,2021-02-14 00:00:00,False,False,,,,,
2021-01-10 17:13:42,1348317101119963138,1022671939939254272,Mr_MAGA1776,2021-02-11 00:00:00,False,False,,,,,
2021-01-10 04:36:14,1348126480212107268,1022671939939254272,Mr_MAGA1776,2021-02-10 00:00:00,False,False,,,,,
2021-01-10 15:30:31,1348291135874203656,245571881,MurielBowser,2021-02-13 00:00:00,False,False,,,,,
2021-01-10 04:56:03,1348131466526535681,876132724628750337,MurriBrielIL16,2021-02-15 00:00:00,False,False,,,,,
2021-01-10 21:07:18,1348375888463855620,813792250497028102,NC_Governor,2021-02-10 00:00:00,False,False,,,,,
2021-01-10 04:00:20,1348117445840674817,757862089,NMalliotakis,2021-02-09 00:00:00,False,False,,,,,
2021-01-10 18:36:45,1348338001861083138,232268199,NYGovCuomo,2021-02-10 00:00:00,False,False,,,,,
2021-01-10 18:04:00,1348329761169412097,232268199,NYGovCuomo,2021-02-09 00:00:00,False,False,,,,,
2021-01-10 02:37:45,1348096661604675589,823261267175555073,NasirShaikhShow,2021-02-10 00:00:00,False,False,,,,,
2021-01-10 14:35:09,1348277201427435522,1356368317,Nate_McMurray,2021-02-11 00:00:00,False,False,,,,,
2021-01-10 14:38:39,1348278081216241666,1356368317,Nate_McMurray,2021-02-11 00:00:00,False,False,,,,,
2021-01-10 17:12:00,1348316676723503105,1356368317,Nate_McMurray,2021-02-18 00:00:00,False,False,,,,,
2021-01-10 01:26:56,1348078843182120960,1356368317,Nate_McMurray,2021-02-13 00:00:00,False,False,,,,,
2021-01-10 02:01:21,1348087504222773248,1356368317,Nate_McMurray,2021-02-14 00:00:00,False,False,,,,,
2021-01-10 15:43:25,1348294383951613957,1356368317,Nate_McMurray,2021-02-12 00:00:00,False,False,,,,,
2021-01-10 02:46:43,1348098920665251840,1356368317,Nate_McMurray,2021-02-14 00:00:00,False,False,,,,,
2021-01-10 20:06:18,1348360540901535745,1356368317,Nate_McMurray,2021-02-11 00:00:00,False,False,,,,,
2021-01-10 13:15:49,1348257236792057856,1356368317,Nate_McMurray,2021-02-12 00:00:00,False,False,,,,,
2021-01-10 14:48:41,1348280610192764930,1356368317,Nate_McMurray,2021-02-22 00:00:00,False,False,,,,,
2021-01-10 15:46:33,1348295171725791236,1356368317,Nate_McMurray,2021-02-10 00:00:00,False,False,,,,,
2021-01-10 20:00:51,1348359166176407552,1356368317,Nate_McMurray,2021-02-14 00:00:00,False,False,,,,,
2021-01-10 13:33:30,1348261685774180353,1356368317,Nate_McMurray,2021-02-11 00:00:00,False,False,,,,,
2021-01-10 14:46:53,1348280157036032000,1356368317,Nate_McMurray,2021-02-12 00:00:00,False,False,,,,,
2021-01-10 14:41:32,1348278807871041536,1356368317,Nate_McMurray,2021-02-12 00:00:00,False,False,,,,,
2021-01-10 12:27:09,1348244988359016450,1356368317,Nate_McMurray,2021-02-13 00:00:00,False,False,,,,,
2021-01-10 00:52:30,1348070176219082756,1356368317,Nate_McMurray,2021-02-14 00:00:00,False,False,,,,,
2021-01-10 21:14:04,1348377594882875394,1356368317,Nate_McMurray,2021-02-14 00:00:00,False,False,,,,,
2021-01-10 01:39:15,1348081941422231553,1356368317,Nate_McMurray,2021-03-10 00:00:00,False,False,,,,,
2021-01-10 12:49:01,1348250494154797058,1356368317,Nate_McMurray,2021-02-13 00:00:00,False,False,,,,,
2021-01-10 15:08:19,1348285547131920384,2720054437,NickForVA,2021-02-11 00:00:00,False,False,,,,,
2021-01-10 04:31:15,1348125226983436290,36424664,NikemaWilliams,2021-02-10 00:00:00,False,False,,,,,
2021-01-10 21:16:35,1348378225483812864,236279233,NormaJTorres,2021-02-13 00:00:00,False,False,,,,,
2021-01-10 01:24:55,1348078335562182657,164369297,NydiaVelazquez,2021-02-13 00:00:00,False,False,,,,,
2021-01-10 00:25:20,1348063337301516288,3023272478,OregonGovBrown,2021-02-14 00:00:00,False,False,,,,,
2021-01-10 16:35:03,1348307375258800134,3023272478,OregonGovBrown,2021-02-10 00:00:00,False,False,,,,,
2021-01-10 13:42:40,1348263994814058496,1179217614545080323,Oseguera2020,2021-02-16 00:00:00,False,False,,,,,
2021-01-10 14:47:05,1348280207350910978,1179217614545080323,Oseguera2020,2021-02-10 00:00:00,False,False,,,,,
2021-01-10 12:51:44,1348251178853933059,2966770391,PamKeithFL,2021-02-11 00:00:00,False,False,,,,,
2021-01-10 17:30:12,1348321256127541248,2966770391,PamKeithFL,2021-02-12 00:00:00,False,False,,,,,
2021-01-10 13:58:02,1348267862406926337,2966770391,PamKeithFL,2021-02-09 00:00:00,False,False,,,,,
2021-01-10 21:38:39,1348383777660280832,2966770391,PamKeithFL,2021-02-09 00:00:00,False,False,,,,,
2021-01-10 22:07:45,1348391104580907008,2966770391,PamKeithFL,2021-02-11 00:00:00,False,False,,,,,
2021-01-10 13:40:15,1348263385092280320,2966770391,PamKeithFL,2021-02-16 00:00:00,False,False,,,,,
2021-01-10 17:04:52,1348314880919662594,2966770391,PamKeithFL,2021-02-14 00:00:00,False,False,,,,,
2021-01-10 17:52:52,1348326958623555584,2966770391,PamKeithFL,2021-02-14 00:00:00,False,False,,,,,
2021-01-10 21:56:06,1348388169599897601,2966770391,PamKeithFL,2021-02-10 00:00:00,False,False,,,,,
2021-01-10 16:43:36,1348309529000353793,2966770391,PamKeithFL,2021-02-11 00:00:00,False,False,,,,,
2021-01-10 18:14:24,1348332378880679942,2966770391,PamKeithFL,2021-02-12 00:00:00,False,False,,,,,
2021-01-10 13:40:16,1348263388602892288,2966770391,PamKeithFL,2021-02-13 00:00:00,False,False,,,,,
2021-01-10 17:00:07,1348313686562238469,2966770391,PamKeithFL,2021-02-10 00:00:00,False,False,,,,,
2021-01-10 22:12:52,1348392389292011524,2966770391,PamKeithFL,2021-02-11 00:00:00,False,False,,,,,
2021-01-10 17:25:33,1348320084968824835,2966770391,PamKeithFL,2021-02-13 00:00:00,False,False,,,,,
2021-01-10 18:25:21,1348335134651666433,2966770391,PamKeithFL,2021-02-16 00:00:00,False,False,,,,,
2021-01-10 21:27:03,1348380860777639939,2966770391,PamKeithFL,2021-02-11 00:00:00,False,False,,,,,
2021-01-10 03:04:14,1348103329432432644,2966770391,PamKeithFL,2021-02-14 00:00:00,False,False,,,,,
2021-01-10 23:06:59,1348406008331296770,2966770391,PamKeithFL,2021-02-09 00:00:00,False,False,,,,,
2021-01-10 17:01:44,1348314091669106692,2966770391,PamKeithFL,2021-02-13 00:00:00,False,False,,,,,
2021-01-10 21:30:39,1348381766923522048,2966770391,PamKeithFL,2021-02-09 00:00:00,False,False,,,,,
2021-01-10 21:51:58,1348387132897972227,2966770391,PamKeithFL,2021-02-21 00:00:00,False,False,,,,,
2021-01-10 21:18:08,1348378616225263627,2966770391,PamKeithFL,2021-02-10 00:00:00,False,False,,,,,
2021-01-10 16:56:15,1348312711415869442,2966770391,PamKeithFL,2021-02-10 00:00:00,False,False,,,,,
2021-01-10 21:38:39,1348383779191197697,2966770391,PamKeithFL,2021-02-11 00:00:00,False,False,,,,,
2021-01-10 21:16:38,1348378237479612418,2966770391,PamKeithFL,2021-02-10 00:00:00,False,False,,,,,
2021-01-10 14:02:28,1348268979056480256,2966770391,PamKeithFL,2021-02-09 00:00:00,False,False,,,,,
2021-01-10 14:07:21,1348270204283990018,2966770391,PamKeithFL,2021-02-14 00:00:00,False,False,,,,,
2021-01-10 16:46:02,1348310141205155840,2966770391,PamKeithFL,2021-02-14 00:00:00,False,False,,,,,
2021-01-10 22:37:08,1348398496773251072,2966770391,PamKeithFL,2021-02-17 00:00:00,False,False,,,,,
2021-01-10 13:55:08,1348267131885006850,2966770391,PamKeithFL,2021-02-11 00:00:00,False,False,,,,,
2021-01-10 13:40:14,1348263384278573056,2966770391,PamKeithFL,2021-02-10 00:00:00,False,False,,,,,
2021-01-10 13:16:01,1348257285865402369,2966770391,PamKeithFL,2021-02-10 00:00:00,False,False,,,,,
2021-01-10 23:29:37,1348411707119579148,2966770391,PamKeithFL,2021-02-11 00:00:00,False,False,,,,,
2021-01-10 21:15:07,1348377856250937344,2966770391,PamKeithFL,2021-02-11 00:00:00,False,False,,,,,
2021-01-10 22:07:46,1348391106170523648,2966770391,PamKeithFL,2021-02-14 00:00:00,False,False,,,,,
2021-01-10 22:55:13,1348403047379193857,2966770391,PamKeithFL,2021-02-11 00:00:00,False,False,,,,,
2021-01-10 13:55:08,1348267132707082240,2966770391,PamKeithFL,2021-02-13 00:00:00,False,False,,,,,
2021-01-10 16:25:56,1348305083574988801,2966770391,PamKeithFL,2021-02-10 00:00:00,False,False,,,,,
2021-01-10 03:19:32,1348107178352242694,2966770391,PamKeithFL,2021-02-13 00:00:00,False,False,,,,,
2021-01-10 13:17:09,1348257571405180934,2966770391,PamKeithFL,2021-02-10 00:00:00,False,False,,,,,
2021-01-10 18:14:25,1348332381875400711,2966770391,PamKeithFL,2021-02-14 00:00:00,False,False,,,,,
2021-01-10 22:50:14,1348401793710108674,2966770391,PamKeithFL,2021-02-11 00:00:00,False,False,,,,,
2021-01-10 13:27:08,1348260085211013120,2966770391,PamKeithFL,2021-02-10 00:00:00,False,False,,,,,
2021-01-10 13:55:08,1348267133705334788,2966770391,PamKeithFL,2021-02-14 00:00:00,False,False,,,,,
2021-01-10 16:09:16,1348300886016028672,130798456,PatriotNotPol,2021-02-16 00:00:00,False,False,,,,,
2021-01-10 08:52:07,1348190876896423936,90346270,PerkinsForUSSen,2021-02-13 00:00:00,False,False,,,,,
2021-01-10 01:52:41,1348085322794508288,90346270,PerkinsForUSSen,2021-02-13 00:00:00,False,False,,,,,
2021-01-10 16:39:16,1348308437441024001,1087073882220064768,PhilArballo,2021-02-13 00:00:00,False,False,,,,,
2021-01-10 02:56:50,1348101463306768385,1087073882220064768,PhilArballo,2021-02-11 00:00:00,False,False,,,,,
2021-01-10 16:57:23,1348312994716016640,897088756171329536,PiattPatti,2021-02-16 00:00:00,False,False,,,,,
2021-01-10 21:05:08,1348375345720930304,897088756171329536,PiattPatti,2021-02-14 00:00:00,False,False,,,,,
2021-01-10 15:46:45,1348295220958531591,897088756171329536,PiattPatti,2021-02-12 00:00:00,False,False,,,,,
2021-01-10 17:40:59,1348323967409512448,897088756171329536,PiattPatti,2021-02-14 00:00:00,False,False,,,,,
2021-01-10 18:14:25,1348332382634594304,897088756171329536,PiattPatti,2021-02-11 00:00:00,False,False,,,,,
2021-01-10 21:20:06,1348379113401294852,897088756171329536,PiattPatti,2021-02-14 00:00:00,False,False,,,,,
2021-01-10 23:15:45,1348408213876715528,897088756171329536,PiattPatti,2021-02-13 00:00:00,False,False,,,,,
2021-01-10 16:23:00,1348304345545244680,193441812,PramilaJayapal,2021-02-12 00:00:00,False,False,,,,,
2021-01-10 18:32:00,1348336809625985025,193441812,PramilaJayapal,2021-02-10 00:00:00,False,False,,,,,
2021-01-10 21:28:00,1348381101270642688,193441812,PramilaJayapal,2021-02-12 00:00:00,False,False,,,,,
2021-01-10 02:12:01,1348090186970898434,193441812,PramilaJayapal,2021-02-11 00:00:00,False,False,,,,,
2021-01-10 04:28:00,1348124409287028737,193441812,PramilaJayapal,2021-02-11 00:00:00,False,False,,,,,
2021-01-10 16:28:06,1348305626091429889,85583894,QasimRashid,2021-02-10 00:00:00,False,False,,,,,
2021-01-10 02:59:13,1348102063599857668,85583894,QasimRashid,2021-02-09 00:00:00,False,False,,,,,
2021-01-10 03:38:32,1348111959766552580,85583894,QasimRashid,2021-02-10 00:00:00,False,False,,,,,
2021-01-10 22:50:53,1348401959481585664,85583894,QasimRashid,2021-02-10 00:00:00,False,False,,,,,
2021-01-10 21:41:15,1348384434354073602,85583894,QasimRashid,2021-02-11 00:00:00,False,False,,,,,
2021-01-10 01:56:16,1348086221117992960,85583894,QasimRashid,2021-02-10 00:00:00,False,False,,,,,
2021-01-10 01:19:45,1348077033755127808,85583894,QasimRashid,2021-02-11 00:00:00,False,False,,,,,
2021-01-10 16:32:34,1348306750458523651,85583894,QasimRashid,2021-02-09 00:00:00,False,False,,,,,
2021-01-10 21:02:14,1348374613588406280,85583894,QasimRashid,2021-02-10 00:00:00,False,False,,,,,
2021-01-10 16:37:22,1348307957327527937,85583894,QasimRashid,2021-02-10 00:00:00,False,False,,,,,
2021-01-10 01:15:46,1348076032281161729,85583894,QasimRashid,2021-02-10 00:00:00,False,False,,,,,
2021-01-10 17:01:19,1348313988162052096,85583894,QasimRashid,2021-02-09 00:00:00,False,False,,,,,
2021-01-10 21:53:20,1348387473806798848,85583894,QasimRashid,2021-02-09 00:00:00,False,False,,,,,
2021-01-10 00:17:19,1348061320428584962,85583894,QasimRashid,2021-02-10 00:00:00,False,False,,,,,
2021-01-10 15:28:01,1348290508205023232,85583894,QasimRashid,2021-02-11 00:00:00,False,False,,,,,
2021-01-10 02:17:07,1348091471719759873,85583894,QasimRashid,2021-02-09 00:00:00,False,False,,,,,
2021-01-10 15:43:26,1348294387269312520,85583894,QasimRashid,2021-02-09 00:00:00,False,False,,,,,
2021-01-10 17:19:18,1348318512247414785,85583894,QasimRashid,2021-02-11 00:00:00,False,False,,,,,
2021-01-10 03:34:22,1348110909605105665,85583894,QasimRashid,2021-02-13 00:00:00,False,False,,,,,
2021-01-10 20:17:49,1348363436468666371,85583894,QasimRashid,2021-02-09 00:00:00,False,False,,,,,
2021-01-10 02:34:29,1348095842717229057,85583894,QasimRashid,2021-02-12 00:00:00,False,False,,,,,
2021-01-10 16:23:35,1348304491028881408,85583894,QasimRashid,2021-02-13 00:00:00,False,False,,,,,
2021-01-10 03:02:39,1348102929304190976,85583894,QasimRashid,2021-02-13 00:00:00,False,False,,,,,
2021-01-10 18:04:22,1348329853335068672,85583894,QasimRashid,2021-02-13 00:00:00,False,False,,,,,
2021-01-10 15:32:18,1348291585428119553,85583894,QasimRashid,2021-02-09 00:00:00,False,False,,,,,
2021-01-10 17:47:41,1348325655168114689,85583894,QasimRashid,2021-02-10 00:00:00,False,False,,,,,
2021-01-10 00:42:54,1348067758798483457,85583894,QasimRashid,2021-02-11 00:00:00,False,False,,,,,
2021-01-10 05:20:12,1348137543724888064,85583894,QasimRashid,2021-02-09 00:00:00,False,False,,,,,
2021-01-10 13:52:27,1348266455486390272,85583894,QasimRashid,2021-02-10 00:00:00,False,False,,,,,
2021-01-10 14:36:37,1348277572430409728,85583894,QasimRashid,2021-02-15 00:00:00,False,False,,,,,
2021-01-10 00:36:58,1348066266708385792,435331179,RashidaTlaib,2021-02-09 00:00:00,False,False,,,,,
2021-01-10 22:08:53,1348391386463219713,435331179,RashidaTlaib,2021-02-09 00:00:00,False,False,,,,,
2021-01-10 00:36:58,1348066268218322947,435331179,RashidaTlaib,2021-02-10 00:00:00,False,False,,,,,
2021-01-10 21:35:43,1348383040570064896,435331179,RashidaTlaib,2021-02-09 00:00:00,False,False,,,,,
2021-01-10 20:20:01,1348363990821429256,721127537674489856,ReElectNydia,2021-02-13 00:00:00,False,False,,,,,
2021-01-10 11:33:39,1348231527813898248,22456513,RealErinCruz,2021-02-15 00:00:00,False,False,,,,,
2021-01-10 09:05:24,1348194217118420994,22456513,RealErinCruz,2021-02-16 00:00:00,False,False,,,,,
2021-01-10 10:34:01,1348216518685822977,22456513,RealErinCruz,2021-02-14 00:00:00,False,False,,,,,
2021-01-10 18:18:38,1348333444040835074,22456513,RealErinCruz,2021-02-10 00:00:00,False,False,,,,,
2021-01-10 21:06:03,1348375574398468100,22456513,RealErinCruz,2021-02-14 00:00:00,False,False,,,,,
2021-01-10 09:49:09,1348205228412215304,22456513,RealErinCruz,2021-02-15 00:00:00,False,False,,,,,
2021-01-10 11:32:24,1348231212016435200,22456513,RealErinCruz,2021-02-16 00:00:00,False,False,,,,,
2021-01-10 00:28:56,1348064243459837952,22456513,RealErinCruz,2021-02-13 00:00:00,False,False,,,,,
2021-01-10 06:10:13,1348150132559122433,22456513,RealErinCruz,2021-02-15 00:00:00,False,False,,,,,
2021-01-10 10:28:03,1348215016017727488,22456513,RealErinCruz,2021-02-11 00:00:00,False,False,,,,,
2021-01-10 07:56:22,1348176843501760513,22456513,RealErinCruz,2021-02-16 00:00:00,False,False,,,,,
2021-01-10 11:25:22,1348229440669536257,22456513,RealErinCruz,2021-02-11 00:00:00,False,False,,,,,
2021-01-10 16:24:57,1348304833749520386,22456513,RealErinCruz,2021-02-11 00:00:00,False,False,,,,,
2021-01-10 11:24:00,1348229097030184962,22456513,RealErinCruz,2021-02-15 00:00:00,False,False,,,,,
2021-01-10 09:56:05,1348206974169616384,22456513,RealErinCruz,2021-02-10 00:00:00,False,False,,,,,
2021-01-10 00:17:45,1348061429585219586,22456513,RealErinCruz,2021-02-22 00:00:00,False,False,,,,,
2021-01-10 07:35:16,1348171534603411458,22456513,RealErinCruz,2021-02-13 00:00:00,False,False,,,,,
2021-01-10 08:44:15,1348188894525722628,22456513,RealErinCruz,2021-02-09 00:00:00,False,False,,,,,
2021-01-10 10:23:37,1348213901406584834,22456513,RealErinCruz,2021-02-10 00:00:00,False,False,,,,,
2021-01-10 09:11:57,1348195865303805952,22456513,RealErinCruz,2021-02-10 00:00:00,False,False,,,,,
2021-01-10 20:59:49,1348374007511359488,22456513,RealErinCruz,2021-02-13 00:00:00,False,False,,,,,
2021-01-10 10:40:37,1348218182121652224,22456513,RealErinCruz,2021-02-19 00:00:00,False,False,,,,,
2021-01-10 07:47:37,1348174642658201601,22456513,RealErinCruz,2021-02-10 00:00:00,False,False,,,,,
2021-01-10 08:26:57,1348184540490027009,22456513,RealErinCruz,2021-02-12 00:00:00,False,False,,,,,
2021-01-10 12:01:03,1348238423786590211,22456513,RealErinCruz,2021-02-11 00:00:00,False,False,,,,,
2021-01-10 08:12:24,1348180878422282247,22456513,RealErinCruz,2021-02-13 00:00:00,False,False,,,,,
2021-01-10 17:01:29,1348314027403878400,44774107,RealJohnDennis,2021-02-11 00:00:00,False,False,,,,,
2021-01-10 19:57:40,1348358366591025152,44774107,RealJohnDennis,2021-02-11 00:00:00,False,False,,,,,
2021-01-10 20:49:52,1348371502802980869,248113252,RealOmarNavarro,2021-02-09 00:00:00,False,False,,,,,
2021-01-10 06:35:31,1348156498883481604,149402723,RealSteveCox,2021-02-10 00:00:00,False,False,,,,,
2021-01-10 06:43:27,1348158493744787456,149402723,RealSteveCox,2021-02-11 00:00:00,False,False,,,,,
2021-01-10 21:44:48,1348385327233298439,816652616625168388,RepAndyBiggsAZ,2021-02-12 00:00:00,False,False,,,,,
2021-01-10 01:28:26,1348079218769481729,816652616625168388,RepAndyBiggsAZ,2021-02-12 00:00:00,False,False,,,,,
2021-01-10 17:11:51,1348316637875855360,1080277407867772930,RepAndyLevin,2021-02-10 00:00:00,False,False,,,,,
2021-01-10 15:26:52,1348290216285642762,1080222360643485698,RepAngieCraig,2021-02-11 00:00:00,False,False,,,,,
2021-01-10 20:53:33,1348372428360187904,248735463,RepBarbaraLee,2021-02-10 00:00:00,False,False,,,,,
2021-01-10 22:57:00,1348403498828894208,248735463,RepBarbaraLee,2021-02-10 00:00:00,False,False,,,,,
2021-01-10 17:06:19,1348315242883854338,248735463,RepBarbaraLee,2021-02-09 00:00:00,False,False,,,,,
2021-01-10 14:31:31,1348276287908016133,1531521632,RepBeatty,2021-02-10 00:00:00,False,False,,,,,
2021-01-10 19:00:35,1348344002534379523,1080509366,RepBillFoster,2021-02-11 00:00:00,False,False,,,,,
2021-01-10 03:13:58,1348105778792697861,816157667882373120,RepCarbajal,2021-02-19 00:00:00,False,False,,,,,
2021-01-10 20:05:28,1348360329328275456,1083472286089396224,RepCasten,2021-02-14 00:00:00,False,False,,,,,
2021-01-10 17:37:16,1348323035212894213,1083472286089396224,RepCasten,2021-02-13 00:00:00,False,False,,,,,
2021-01-10 21:05:22,1348375402473992194,1083472286089396224,RepCasten,2021-02-18 00:00:00,False,False,,,,,
2021-01-10 18:23:49,1348334748805042176,1083472286089396224,RepCasten,2021-03-09 00:00:00,False,False,,,,,
2021-01-10 18:57:19,1348343179611959302,1083472286089396224,RepCasten,2021-02-12 00:00:00,False,False,,,,,
2021-01-10 23:21:37,1348409691198660609,1092979962,RepCheri,2021-02-11 00:00:00,False,False,,,,,
2021-01-10 23:59:18,1348419177250484227,235190657,RepChuck,2021-02-10 00:00:00,False,False,,,,,
2021-01-10 22:10:07,1348391697819070466,1080865917377097728,RepCindyAxne,2021-02-11 00:00:00,False,False,,,,,
2021-01-10 00:51:28,1348069914972721153,843636970538618880,RepClayHiggins,2021-02-10 00:00:00,False,False,,,,,
2021-01-10 20:13:03,1348362235924639745,162069635,RepCohen,2021-02-11 00:00:00,False,False,,,,,
2021-01-10 16:17:58,1348303075514200064,162069635,RepCohen,2021-02-13 00:00:00,False,False,,,,,
2021-01-10 22:51:49,1348402193557315584,162069635,RepCohen,2021-02-15 00:00:00,False,False,,,,,
2021-01-10 21:33:34,1348382502176567304,1078355119920562176,RepColinAllred,2021-02-14 00:00:00,False,False,,,,,
2021-01-10 02:08:24,1348089277800976385,210926192,RepCuellar,2021-02-11 00:00:00,False,False,,,,,
2021-01-10 01:09:45,1348074515289546752,996094929733652481,RepDLesko,2021-02-11 00:00:00,False,False,,,,,
2021-01-10 00:38:45,1348066713959591936,1080894931311431682,RepDanCrenshaw,2021-02-10 00:00:00,False,False,,,,,
2021-01-10 19:40:09,1348353957656207362,1045110018,RepDanKildee,2021-02-13 00:00:00,False,False,,,,,
2021-01-10 18:00:00,1348328754289012738,1045110018,RepDanKildee,2021-02-08 00:00:00,False,False,,,,,
2021-01-10 20:00:00,1348358953101451264,1045110018,RepDanKildee,2021-02-14 00:00:00,False,False,,,,,
2021-01-10 18:51:10,1348341629246189569,1045110018,RepDanKildee,2021-02-11 00:00:00,False,False,,,,,
2021-01-10 15:03:49,1348284415491919872,1045110018,RepDanKildee,2021-02-09 00:00:00,False,False,,,,,
2021-01-10 17:39:31,1348323601817214977,789244177,RepDannyDavis,2021-02-13 00:00:00,False,False,,,,,
2021-01-10 17:32:11,1348321755140673539,976969338,RepDaveJoyce,2021-02-12 00:00:00,False,False,,,,,
2021-01-10 16:52:00,1348311640966619137,976969338,RepDaveJoyce,2021-02-16 00:00:00,False,False,,,,,
2021-01-10 02:09:54,1348089655829299201,2968007206,RepDeSaulnier,2021-02-09 00:00:00,False,False,,,,,
2021-01-10 03:41:27,1348112695531237377,2968007206,RepDeSaulnier,2021-02-11 00:00:00,False,False,,,,,
2021-01-10 20:36:12,1348368062001643520,567508925,RepDean,2021-02-09 00:00:00,False,False,,,,,
2021-01-10 21:13:08,1348377359930560514,567508925,RepDean,2021-02-11 00:00:00,False,False,,,,,
2021-01-10 17:35:48,1348322664197320706,1061310112013434882,RepDeanPhillips,2021-02-10 00:00:00,False,False,,,,,
2021-01-10 17:39:06,1348323496208822274,1061310112013434882,RepDeanPhillips,2021-02-09 00:00:00,False,False,,,,,
2021-01-10 21:53:58,1348387635245572096,1061310112013434882,RepDeanPhillips,2021-02-08 00:00:00,False,False,,,,,
2021-01-10 00:25:21,1348063341600759809,1061310112013434882,RepDeanPhillips,2021-02-10 00:00:00,False,False,,,,,
2021-01-10 16:26:35,1348305246154600450,1061310112013434882,RepDeanPhillips,2021-02-12 00:00:00,False,False,,,,,
2021-01-10 05:45:06,1348143812456173581,1061310112013434882,RepDeanPhillips,2021-02-10 00:00:00,False,False,,,,,
2021-01-10 13:43:38,1348264237324513281,1061310112013434882,RepDeanPhillips,2021-02-09 00:00:00,False,False,,,,,
2021-01-10 15:29:37,1348290907733446656,1061310112013434882,RepDeanPhillips,2021-02-11 00:00:00,False,False,,,,,
2021-01-10 20:17:30,1348363356449738762,995193054,RepDelBene,2021-02-17 00:00:00,False,False,,,,,
2021-01-10 01:28:09,1348079145633411076,995193054,RepDelBene,2021-02-17 00:00:00,False,False,,,,,
2021-01-10 19:00:29,1348343975942479876,1058917562,RepDerekKilmer,2021-02-15 00:00:00,False,False,,,,,
2021-01-10 00:24:27,1348063115838169094,1058917562,RepDerekKilmer,2021-02-14 00:00:00,False,False,,,,,
2021-01-10 19:01:10,1348344149297270786,28599820,RepDianaDeGette,2021-02-14 00:00:00,False,False,,,,,
2021-01-10 19:01:11,1348344150278725632,28599820,RepDianaDeGette,2021-02-13 00:00:00,False,False,,,,,
2021-01-10 14:59:28,1348283319931326468,818975124460335106,RepDonBacon,2021-02-13 00:00:00,False,False,,,,,
2021-01-10 18:30:17,1348336373925863424,818975124460335106,RepDonBacon,2021-02-14 00:00:00,False,False,,,,,
2021-01-10 19:54:03,1348357456930484224,2962868158,RepDonBeyer,2021-02-12 00:00:00,False,False,,,,,
2021-01-10 20:35:12,1348367812276985856,2962868158,RepDonBeyer,2021-02-11 00:00:00,False,False,,,,,
2021-01-10 23:18:40,1348408951453474824,2962868158,RepDonBeyer,2021-02-10 00:00:00,False,False,,,,,
2021-01-10 19:02:07,1348344386715791361,2962868158,RepDonBeyer,2021-02-10 00:00:00,False,False,,,,,
2021-01-10 17:17:47,1348318129492029443,2962868158,RepDonBeyer,2021-02-09 00:00:00,False,False,,,,,
2021-01-10 23:07:43,1348406192406671364,2962868158,RepDonBeyer,2021-02-12 00:00:00,False,False,,,,,
2021-01-10 16:39:48,1348308571868569601,2962868158,RepDonBeyer,2021-02-09 00:00:00,False,False,,,,,
2021-01-10 21:10:45,1348376756797976579,2962868158,RepDonBeyer,2021-02-10 00:00:00,False,False,,,,,
2021-01-10 16:47:05,1348310403814666244,2962868158,RepDonBeyer,2021-02-13 00:00:00,False,False,,,,,
2021-01-10 02:15:01,1348090943031959555,2962868158,RepDonBeyer,2021-02-09 00:00:00,False,False,,,,,
2021-01-10 16:50:02,1348311148047826960,2962868158,RepDonBeyer,2021-02-09 00:00:00,False,False,,,,,
2021-01-10 14:11:37,1348271279099543553,2962868158,RepDonBeyer,2021-02-09 00:00:00,False,False,,,,,
2021-01-10 02:05:41,1348088592074223621,90639372,RepDwightEvans,2021-02-12 00:00:00,False,False,,,,,
2021-01-10 18:16:51,1348332996735225861,1075517806551154689,RepEscobar,2021-02-16 00:00:00,False,False,,,,,
2021-01-10 05:00:00,1348132462455517186,1083448909,RepFilemonVela,2021-02-13 00:00:00,False,False,,,,,
2021-01-10 21:23:09,1348379880292016132,1075904377221722113,RepFletcher,2021-02-14 00:00:00,False,False,,,,,
2021-01-10 16:17:51,1348303045940150273,240760644,RepGosar,2021-02-09 00:00:00,False,False,,,,,
2021-01-10 18:12:18,1348331849219788800,22812754,RepGregoryMeeks,2021-02-13 00:00:00,False,False,,,,,
2021-01-10 18:12:18,1348331850343866368,22812754,RepGregoryMeeks,2021-02-10 00:00:00,False,False,,,,,
2021-01-10 00:05:13,1348058276265652225,22669526,RepGwenMoore,2021-02-09 00:00:00,False,False,,,,,
2021-01-10 20:04:27,1348360072934645764,1076161611033968640,RepHaleyStevens,2021-02-10 00:00:00,False,False,,,,,
2021-01-10 15:36:18,1348292592467902470,1076161611033968640,RepHaleyStevens,2021-02-11 00:00:00,False,False,,,,,
2021-01-10 17:37:09,1348323002413428737,1076161611033968640,RepHaleyStevens,2021-02-12 00:00:00,False,False,,,,,
2021-01-10 21:27:00,1348380847758581760,389840566,RepHorsford,2021-02-23 00:00:00,False,False,,,,,
2021-01-10 19:05:18,1348345185986605061,1052896620797460481,RepHoulahan,2021-02-13 00:00:00,False,False,,,,,
2021-01-10 03:21:04,1348107563586482178,1080191866509901826,RepJasonCrow,2021-02-09 00:00:00,False,False,,,,,
2021-01-10 22:07:30,1348391040370282501,1080191866509901826,RepJasonCrow,2021-02-09 00:00:00,False,False,,,,,
2021-01-10 16:29:02,1348305861370900480,1080191866509901826,RepJasonCrow,2021-02-08 00:00:00,False,False,,,,,
2021-01-10 16:29:02,1348305862310440965,1080191866509901826,RepJasonCrow,2021-02-09 00:00:00,False,False,,,,,
2021-01-10 04:23:38,1348123309628661760,815733290955112448,RepJayapal,2021-02-09 00:00:00,False,False,,,,,
2021-01-10 00:17:00,1348061242284515328,815733290955112448,RepJayapal,2021-02-09 00:00:00,False,False,,,,,
2021-01-10 01:00:09,1348072100708425732,815733290955112448,RepJayapal,2021-02-11 00:00:00,False,False,,,,,
2021-01-10 15:48:34,1348295678565502980,815733290955112448,RepJayapal,2021-02-10 00:00:00,False,False,,,,,
2021-01-10 05:01:00,1348132711895064576,467823431,RepJeffries,2021-02-09 00:00:00,False,False,,,,,
2021-01-10 04:14:15,1348120949560922116,796736612554117120,RepJimmyPanetta,2021-02-19 00:00:00,False,False,,,,,
2021-01-10 00:38:04,1348066543159177217,796736612554117120,RepJimmyPanetta,2021-02-14 00:00:00,False,False,,,,,
2021-01-10 23:31:11,1348412101094727684,85396297,RepJoeCourtney,2021-03-04 00:00:00,False,False,,,,,
2021-01-10 18:22:41,1348334463420420105,1064595993222615040,RepJoeMorelle,2021-02-14 00:00:00,False,False,,,,,
2021-01-10 18:22:47,1348334486161936392,1078749802765139968,RepJoeNeguse,2021-02-09 00:00:00,False,False,,,,,
2021-01-10 02:47:39,1348099155214917633,1078749802765139968,RepJoeNeguse,2021-02-10 00:00:00,False,False,,,,,
2021-01-10 22:06:03,1348390676657037320,1078749802765139968,RepJoeNeguse,2021-02-09 00:00:00,False,False,,,,,
2021-01-10 22:39:43,1348399149197254656,815310506596691968,RepJoshG,2021-02-13 00:00:00,False,False,,,,,
2021-01-10 19:00:00,1348343855503060992,1080851152151953410,RepJoshHarder,2021-02-14 00:00:00,False,False,,,,,
2021-01-10 01:23:36,1348078002333224960,2293131060,RepKClark,2021-02-11 00:00:00,False,False,,,,,
2021-01-10 16:32:43,1348306789570383873,2293131060,RepKClark,2021-02-16 00:00:00,False,False,,,,,
2021-01-10 21:25:48,1348380544422322176,2293131060,RepKClark,2021-02-11 00:00:00,False,False,,,,,
2021-01-10 22:27:37,1348396103776014337,2970462034,RepKathleenRice,2021-02-13 00:00:00,False,False,,,,,
2021-01-10 17:22:08,1348319223920136193,2970462034,RepKathleenRice,2021-02-15 00:00:00,False,False,,,,,
2021-01-10 19:49:37,1348356339786002436,2970462034,RepKathleenRice,2021-02-12 00:00:00,False,False,,,,,
2021-01-10 19:40:19,1348354000064634880,1081222837459996672,RepKatiePorter,2021-02-10 00:00:00,False,False,,,,,
2021-01-10 19:44:28,1348355044828213249,2862577383,RepKenBuck,2021-02-12 00:00:00,False,False,,,,,
2021-01-10 17:49:15,1348326048014991363,2862577383,RepKenBuck,2021-02-10 00:00:00,False,False,,,,,
2021-01-10 15:06:01,1348284970616418306,2862577383,RepKenBuck,2021-02-10 00:00:00,False,False,,,,,
2021-01-10 18:44:54,1348340053764943872,2862577383,RepKenBuck,2021-02-10 00:00:00,False,False,,,,,
2021-01-10 03:13:49,1348105739760504834,2862577383,RepKenBuck,2021-02-09 00:00:00,False,False,,,,,
2021-01-10 00:53:01,1348070306536153088,19926675,RepKevinBrady,2021-02-09 00:00:00,False,False,,,,,
2021-01-10 00:53:02,1348070308255830016,19926675,RepKevinBrady,2021-02-16 00:00:00,False,False,,,,,
2021-01-10 00:53:01,1348070307437961216,19926675,RepKevinBrady,2021-02-11 00:00:00,False,False,,,,,
2021-01-10 16:16:59,1348302829321150473,219429281,RepKinzinger,2021-02-09 00:00:00,False,False,,,,,
2021-01-10 15:37:35,1348292912375881729,219429281,RepKinzinger,2021-02-09 00:00:00,False,False,,,,,
2021-01-10 16:46:04,1348310147538575361,219429281,RepKinzinger,2021-02-10 00:00:00,False,False,,,,,
2021-01-10 19:40:38,1348354080331198467,219429281,RepKinzinger,2021-02-09 00:00:00,False,False,,,,,
2021-01-10 20:08:31,1348361096596434946,817050219007328258,RepLBR,2021-02-11 00:00:00,False,False,,,,,
2021-01-10 23:55:40,1348418261059313664,2863006655,RepLawrence,2021-02-11 00:00:00,False,False,,,,,
2021-01-10 00:53:38,1348070459154329605,816719802328715264,RepLizCheney,2021-02-11 00:00:00,False,False,,,,,
2021-01-10 21:14:50,1348377784645804032,153944899,RepLloydDoggett,2021-02-10 00:00:00,False,False,,,,,
2021-01-10 22:44:07,1348400253343576070,153944899,RepLloydDoggett,2021-02-11 00:00:00,False,False,,,,,
2021-01-10 02:42:31,1348097862417195014,153944899,RepLloydDoggett,2021-02-10 00:00:00,False,False,,,,,
2021-01-10 21:09:52,1348376534613192708,153944899,RepLloydDoggett,2021-02-14 00:00:00,False,False,,,,,
2021-01-10 00:17:35,1348061387659087877,153944899,RepLloydDoggett,2021-02-14 00:00:00,False,False,,,,,
2021-01-10 17:17:42,1348318108990242817,153944899,RepLloydDoggett,2021-02-10 00:00:00,False,False,,,,,
2021-01-10 16:40:59,1348308868774899717,1079802482640019456,RepLoriTrahan,2021-02-14 00:00:00,False,False,,,,,
2021-01-10 22:42:27,1348399835410534402,1055730738,RepLowenthal,2021-02-13 00:00:00,False,False,,,,,
2021-01-10 21:41:24,1348384472169897986,1055730738,RepLowenthal,2021-02-14 00:00:00,False,False,,,,,
2021-01-10 23:39:12,1348414115950305287,1067541214671577093,RepMGS,2021-02-12 00:00:00,False,False,,,,,
2021-01-10 15:51:56,1348296526876041217,1080898026418384897,RepMalinowski,2021-02-13 00:00:00,False,False,,,,,
2021-01-10 17:22:14,1348319248771411969,258900199,RepMaloney,2021-02-14 00:00:00,False,False,,,,,
2021-01-10 02:23:51,1348093165660680195,258900199,RepMaloney,2021-02-13 00:00:00,False,False,,,,,
2021-01-10 20:49:00,1348371283726139393,258900199,RepMaloney,2021-02-17 00:00:00,False,False,,,,,
2021-01-10 18:25:31,1348335176359813122,258900199,RepMaloney,2021-02-11 00:00:00,False,False,,,,,
2021-01-10 19:07:45,1348345802637389825,1037321378,RepMarkTakano,2021-02-10 00:00:00,False,False,,,,,
2021-01-10 15:22:33,1348289131290488832,2966205003,RepMarkWalker,2021-02-17 00:00:00,False,False,,,,,
2021-01-10 21:26:04,1348380614811136000,818948638890217473,RepMattGaetz,2021-02-10 00:00:00,False,False,,,,,
2021-01-10 02:18:55,1348091922250915843,818948638890217473,RepMattGaetz,2021-02-09 00:00:00,False,False,,,,,
2021-01-10 18:13:03,1348332038261239808,26424123,RepMcCaul,2021-02-14 00:00:00,False,False,,,,,
2021-01-10 00:40:08,1348067061604491264,50152441,RepMcClintock,2021-02-10 00:00:00,False,False,,,,,
2021-01-10 18:02:58,1348329499319017475,242426145,RepMcGovern,2021-02-09 00:00:00,False,False,,,,,
2021-01-10 16:59:03,1348313415505375235,242426145,RepMcGovern,2021-02-10 00:00:00,False,False,,,,,
2021-01-10 01:09:10,1348074371068420096,242426145,RepMcGovern,2021-02-10 00:00:00,False,False,,,,,
2021-01-10 02:15:51,1348091152877105154,385429543,RepMcNerney,2021-02-11 00:00:00,False,False,,,,,
2021-01-10 23:05:30,1348405637353451527,827279765287559171,RepMikeJohnson,2021-02-16 00:00:00,False,False,,,,,
2021-01-10 16:11:00,1348301322983002118,56864092,RepMikeQuigley,2021-02-12 00:00:00,False,False,,,,,
2021-01-10 15:36:30,1348292640563978242,1081751867049291781,RepMyers,2021-02-15 00:00:00,False,False,,,,,
2021-01-10 00:59:50,1348072020412686337,808416682972770304,RepOHalleran,2021-02-12 00:00:00,False,False,,,,,
2021-01-10 16:09:18,1348300894056624129,811632636598910976,RepPaulMitchell,2021-02-13 00:00:00,False,False,,,,,
2021-01-10 17:29:57,1348321194248990720,811632636598910976,RepPaulMitchell,2021-02-10 00:00:00,False,False,,,,,
2021-01-10 19:50:49,1348356644493787137,811632636598910976,RepPaulMitchell,2021-02-11 00:00:00,False,False,,,,,
2021-01-10 13:00:45,1348253445179011072,811632636598910976,RepPaulMitchell,2021-02-10 00:00:00,False,False,,,,,
2021-01-10 00:26:26,1348063615828566020,811632636598910976,RepPaulMitchell,2021-02-12 00:00:00,False,False,,,,,
2021-01-10 19:34:30,1348352538328903682,84119348,RepPaulTonko,2021-02-14 00:00:00,False,False,,,,,
2021-01-10 19:43:36,1348354825285758977,20552026,RepPerlmutter,2021-02-10 00:00:00,False,False,,,,,
2021-01-10 02:43:40,1348098150276456449,1080584229510172678,RepPressley,2021-02-10 00:00:00,False,False,,,,,
2021-01-10 22:07:00,1348390913081438208,1089859058,RepRaulRuizMD,2021-02-14 00:00:00,False,False,,,,,
2021-01-10 00:33:00,1348065267490955265,1089859058,RepRaulRuizMD,2021-02-11 00:00:00,False,False,,,,,
2021-01-10 16:31:00,1348306356068098048,816298918468259841,RepRoKhanna,2021-02-16 00:00:00,False,False,,,,,
2021-01-10 04:35:22,1348126263299420163,2966570782,RepRubenGallego,2021-02-10 00:00:00,False,False,,,,,
2021-01-10 15:37:39,1348292929186652167,1071840474,RepSchneider,2021-02-12 00:00:00,False,False,,,,,
2021-01-10 15:37:38,1348292928117084162,1071840474,RepSchneider,2021-02-16 00:00:00,False,False,,,,,
2021-01-10 15:37:38,1348292925009100800,1071840474,RepSchneider,2021-02-13 00:00:00,False,False,,,,,
2021-01-10 00:05:16,1348058290563911680,20545793,RepSchrader,2021-02-10 00:00:00,False,False,,,,,
2021-01-10 00:05:16,1348058289003659264,20545793,RepSchrader,2021-02-09 00:00:00,False,False,,,,,
2021-01-10 00:05:16,1348058289796378625,20545793,RepSchrader,2021-02-10 00:00:00,False,False,,,,,
2021-01-10 00:05:17,1348058291297947651,20545793,RepSchrader,2021-02-10 00:00:00,False,False,,,,,
2021-01-10 16:02:10,1348299100622614530,1072467470,RepSeanMaloney,2021-02-09 00:00:00,False,False,,,,,
2021-01-10 14:41:40,1348278843711369216,2962813893,RepStefanik,2021-02-12 00:00:00,False,False,,,,,
2021-01-10 17:01:17,1348313977223340033,2962813893,RepStefanik,2021-02-14 00:00:00,False,False,,,,,
2021-01-10 14:31:34,1348276299568197633,2962813893,RepStefanik,2021-02-13 00:00:00,False,False,,,,,
2021-01-10 17:44:15,1348324789967069184,796183515998068736,RepStephMurphy,2021-02-09 00:00:00,False,False,,,,,
2021-01-10 03:04:56,1348103505727275010,942156122,RepSwalwell,2021-02-09 00:00:00,False,False,,,,,
2021-01-10 15:08:56,1348285702992257025,942156122,RepSwalwell,2021-02-09 00:00:00,False,False,,,,,
2021-01-10 03:09:27,1348104638956859392,942156122,RepSwalwell,2021-02-09 00:00:00,False,False,,,,,
2021-01-10 16:23:28,1348304461299646470,942156122,RepSwalwell,2021-02-09 00:00:00,False,False,,,,,
2021-01-10 07:39:18,1348172551374061569,942156122,RepSwalwell,2021-02-09 00:00:00,False,False,,,,,
2021-01-10 23:18:26,1348408890564747266,942156122,RepSwalwell,2021-02-11 00:00:00,False,False,,,,,
2021-01-10 00:46:27,1348068652017352705,942156122,RepSwalwell,2021-02-09 00:00:00,False,False,,,,,
2021-01-10 19:21:47,1348349335285735424,942156122,RepSwalwell,2021-02-08 00:00:00,False,False,,,,,
2021-01-10 15:00:01,1348283458527907844,1080587263132733442,RepSylviaGarcia,2021-02-14 00:00:00,False,False,,,,,
2021-01-10 22:41:14,1348399530560131078,137794015,RepTedDeutch,2021-02-09 00:00:00,False,False,,,,,
2021-01-10 21:25:11,1348380389895778304,137794015,RepTedDeutch,2021-02-10 00:00:00,False,False,,,,,
2021-01-10 22:00:00,1348389154405699592,137794015,RepTedDeutch,2021-02-10 00:00:00,False,False,,,,,
2021-01-10 22:34:00,1348397708063621120,137794015,RepTedDeutch,2021-02-12 00:00:00,False,False,,,,,
2021-01-10 21:21:03,1348379348508631040,3044993235,RepTedLieu,2021-02-14 00:00:00,False,False,,,,,
2021-01-10 18:15:02,1348332539535110147,3044993235,RepTedLieu,2021-02-10 00:00:00,False,False,,,,,
2021-01-10 14:56:35,1348282597495943169,3044993235,RepTedLieu,2021-02-10 00:00:00,False,False,,,,,
2021-01-10 00:57:29,1348071430546747399,975200486,RepThomasMassie,2021-02-14 00:00:00,False,False,,,,,
2021-01-10 22:15:15,1348392992227401748,975200486,RepThomasMassie,2021-02-10 00:00:00,False,False,,,,,
2021-01-10 01:12:23,1348075177809223681,975200486,RepThomasMassie,2021-02-11 00:00:00,False,False,,,,,
2021-01-10 23:40:32,1348414450861268992,975200486,RepThomasMassie,2021-02-10 00:00:00,False,False,,,,,
2021-01-10 17:45:48,1348325180767145985,975200486,RepThomasMassie,2021-02-10 00:00:00,False,False,,,,,
2021-01-10 01:30:35,1348079758786125828,975200486,RepThomasMassie,2021-03-04 00:00:00,False,False,,,,,
2021-01-10 17:58:19,1348328329800282112,975200486,RepThomasMassie,2021-02-10 00:00:00,False,False,,,,,
2021-01-10 22:06:25,1348390768667480071,975200486,RepThomasMassie,2021-02-10 00:00:00,False,False,,,,,
2021-01-10 00:41:05,1348067303208923136,975200486,RepThomasMassie,2021-02-11 00:00:00,False,False,,,,,
2021-01-10 17:00:38,1348313814513709056,303861808,RepThompson,2021-02-10 00:00:00,False,False,,,,,
2021-01-10 19:21:14,1348349198371061761,13491312,RepTimRyan,2021-02-10 00:00:00,False,False,,,,,
2021-01-10 18:28:11,1348335846701805580,13491312,RepTimRyan,2021-02-11 00:00:00,False,False,,,,,
2021-01-10 16:30:12,1348306155437772801,816705409486618624,RepTomSuozzi,2021-02-14 00:00:00,False,False,,,,,
2021-01-10 04:51:46,1348130388196077568,15139258,Revelation1217,2021-02-17 00:00:00,False,False,,,,,
2021-01-10 04:57:27,1348131820521598976,15139258,Revelation1217,2021-02-14 00:00:00,False,False,,,,,
2021-01-10 04:11:49,1348120335632240647,15139258,Revelation1217,2021-02-10 00:00:00,False,False,,,,,
2021-01-10 23:25:22,1348410634514403328,15139258,Revelation1217,2021-02-22 00:00:00,False,False,,,,,
2021-01-10 04:07:04,1348119138900844546,15139258,Revelation1217,2021-02-16 00:00:00,False,False,,,,,
2021-01-10 03:22:48,1348108000578428929,15139258,Revelation1217,2021-02-16 00:00:00,False,False,,,,,
2021-01-10 01:42:00,1348082633788383232,1189317042857316354,RhondaFurin,2021-02-14 00:00:00,False,False,,,,,
2021-01-10 00:13:30,1348060359240732672,1189317042857316354,RhondaFurin,2021-02-21 00:00:00,False,False,,,,,
2021-01-10 23:23:14,1348410100294189056,1189317042857316354,RhondaFurin,2021-02-15 00:00:00,False,False,,,,,
2021-01-10 18:15:06,1348332553757839361,1189317042857316354,RhondaFurin,2021-02-16 00:00:00,False,False,,,,,
2021-01-10 00:25:47,1348063451827073024,1247612029,RitchieTorres,2021-02-09 00:00:00,False,False,,,,,
2021-01-10 20:03:13,1348359765034995713,1247612029,RitchieTorres,2021-02-14 00:00:00,False,False,,,,,
2021-01-10 15:30:59,1348291255218941953,1247612029,RitchieTorres,2021-02-13 00:00:00,False,False,,,,,
2021-01-10 18:58:03,1348343364006146048,1247612029,RitchieTorres,2021-02-10 00:00:00,False,False,,,,,
2021-01-10 03:35:08,1348111102610206724,1247612029,RitchieTorres,2021-02-15 00:00:00,False,False,,,,,
2021-01-10 15:32:54,1348291736649478144,1247612029,RitchieTorres,2021-02-19 00:00:00,False,False,,,,,
2021-01-10 14:16:52,1348272602788331520,1247612029,RitchieTorres,2021-02-11 00:00:00,False,False,,,,,
2021-01-10 03:33:59,1348110812938964992,1247612029,RitchieTorres,2021-02-14 00:00:00,False,False,,,,,
2021-01-10 05:20:36,1348137645872984071,1247612029,RitchieTorres,2021-02-10 00:00:00,False,False,,,,,
2021-01-10 03:01:03,1348102524398694400,1247612029,RitchieTorres,2021-02-14 00:00:00,False,False,,,,,
2021-01-10 23:16:02,1348408286295384065,1247612029,RitchieTorres,2021-02-11 00:00:00,False,False,,,,,
2021-01-10 00:27:00,1348063758837559298,771152516,RoKhanna,2021-02-10 00:00:00,False,False,,,,,
2021-01-10 03:06:34,1348103914621689858,771152516,RoKhanna,2021-02-11 00:00:00,False,False,,,,,
2021-01-10 19:33:56,1348352392803328001,771152516,RoKhanna,2021-02-10 00:00:00,False,False,,,,,
2021-01-10 21:08:00,1348376067711660034,963223121363861504,RobAnderson2018,2021-02-18 00:00:00,False,False,,,,,
2021-01-10 23:35:06,1348413086051553280,963223121363861504,RobAnderson2018,2021-02-14 00:00:00,False,False,,,,,
2021-01-10 03:37:25,1348111678483914755,963223121363861504,RobAnderson2018,2021-02-14 00:00:00,False,False,,,,,
2021-01-10 01:19:19,1348076922572591104,963223121363861504,RobAnderson2018,2021-02-09 00:00:00,False,False,,,,,
2021-01-10 21:21:45,1348379527240704010,963223121363861504,RobAnderson2018,2021-02-17 00:00:00,False,False,,,,,
2021-01-10 23:32:43,1348412485322342401,963223121363861504,RobAnderson2018,2021-02-18 00:00:00,False,False,,,,,
2021-01-10 07:26:49,1348169406904414209,963223121363861504,RobAnderson2018,2021-02-09 00:00:00,False,False,,,,,
2021-01-10 03:02:18,1348102839629967361,963223121363861504,RobAnderson2018,2021-02-14 00:00:00,False,False,,,,,
2021-01-10 03:26:33,1348108942350626816,963223121363861504,RobAnderson2018,2021-02-13 00:00:00,False,False,,,,,
2021-01-10 03:30:24,1348109912564518919,963223121363861504,RobAnderson2018,2021-02-09 00:00:00,False,False,,,,,
2021-01-10 07:42:06,1348173256415715328,963223121363861504,RobAnderson2018,2021-02-13 00:00:00,False,False,,,,,
2021-01-10 07:09:49,1348165130220134403,963223121363861504,RobAnderson2018,2021-02-13 00:00:00,False,False,,,,,
2021-01-10 07:57:54,1348177230170611712,963223121363861504,RobAnderson2018,2021-02-14 00:00:00,False,False,,,,,
2021-01-10 20:37:19,1348368345662414848,963223121363861504,RobAnderson2018,2021-02-14 00:00:00,False,False,,,,,
2021-01-10 05:44:32,1348143669421944832,963223121363861504,RobAnderson2018,2021-02-14 00:00:00,False,False,,,,,
2021-01-10 23:02:30,1348404882383003649,963223121363861504,RobAnderson2018,2021-02-09 00:00:00,False,False,,,,,
2021-01-10 23:30:42,1348411977085947904,963223121363861504,RobAnderson2018,2021-02-14 00:00:00,False,False,,,,,
2021-01-10 06:58:11,1348162203799744514,963223121363861504,RobAnderson2018,2021-02-17 00:00:00,False,False,,,,,
2021-01-10 21:29:05,1348381373170647041,963223121363861504,RobAnderson2018,2021-02-09 00:00:00,False,False,,,,,
2021-01-10 22:23:25,1348395046555553795,963223121363861504,RobAnderson2018,2021-03-05 00:00:00,False,False,,,,,
2021-01-10 03:09:07,1348104556232761344,963223121363861504,RobAnderson2018,2021-02-14 00:00:00,False,False,,,,,
2021-01-10 07:06:43,1348164348599021569,963223121363861504,RobAnderson2018,2021-02-18 00:00:00,False,False,,,,,
2021-01-10 07:29:29,1348170080400629761,963223121363861504,RobAnderson2018,2021-02-17 00:00:00,False,False,,,,,
2021-01-10 04:09:46,1348119818797420548,963223121363861504,RobAnderson2018,2021-02-10 00:00:00,False,False,,,,,
2021-01-10 07:19:40,1348167610823798787,963223121363861504,RobAnderson2018,2021-02-11 00:00:00,False,False,,,,,
2021-01-10 02:17:20,1348091524517605377,963223121363861504,RobAnderson2018,2021-02-10 00:00:00,False,False,,,,,
2021-01-10 06:14:45,1348151270750752768,963223121363861504,RobAnderson2018,2021-02-11 00:00:00,False,False,,,,,
2021-01-10 22:16:42,1348393354896289794,963223121363861504,RobAnderson2018,2021-02-12 00:00:00,False,False,,,,,
2021-01-10 07:16:52,1348166905828438016,963223121363861504,RobAnderson2018,2021-02-11 00:00:00,False,False,,,,,
2021-01-10 11:09:19,1348225400988688384,963223121363861504,RobAnderson2018,2021-02-11 00:00:00,False,False,,,,,
2021-01-10 06:47:34,1348159532866957315,963223121363861504,RobAnderson2018,2021-02-10 00:00:00,False,False,,,,,
2021-01-10 07:53:05,1348176019765813248,963223121363861504,RobAnderson2018,2021-02-10 00:00:00,False,False,,,,,
2021-01-10 02:07:00,1348088925798203394,963223121363861504,RobAnderson2018,2021-02-09 00:00:00,False,False,,,,,
2021-01-10 06:23:35,1348153494042267648,963223121363861504,RobAnderson2018,2021-02-10 00:00:00,False,False,,,,,
2021-01-10 03:05:17,1348103590804656131,963223121363861504,RobAnderson2018,2021-02-12 00:00:00,False,False,,,,,
2021-01-10 02:23:11,1348092997456588800,963223121363861504,RobAnderson2018,2021-02-11 00:00:00,False,False,,,,,
2021-01-10 07:59:43,1348177689614684162,963223121363861504,RobAnderson2018,2021-02-11 00:00:00,False,False,,,,,
2021-01-10 07:46:03,1348174249400397825,963223121363861504,RobAnderson2018,2021-02-11 00:00:00,False,False,,,,,
2021-01-10 00:44:50,1348068245719408643,963223121363861504,RobAnderson2018,2021-02-13 00:00:00,False,False,,,,,
2021-01-10 07:13:33,1348166068565667843,963223121363861504,RobAnderson2018,2021-02-11 00:00:00,False,False,,,,,
2021-01-10 03:36:43,1348111500897083392,963223121363861504,RobAnderson2018,2021-02-11 00:00:00,False,False,,,,,
2021-01-10 22:55:24,1348403093969502209,963223121363861504,RobAnderson2018,2021-02-11 00:00:00,False,False,,,,,
2021-01-10 03:14:49,1348105992408621059,963223121363861504,RobAnderson2018,2021-02-12 00:00:00,False,False,,,,,
2021-01-10 00:49:45,1348069482879733761,963223121363861504,RobAnderson2018,2021-02-11 00:00:00,False,False,,,,,
2021-01-10 02:34:02,1348095725633212417,963223121363861504,RobAnderson2018,2021-02-11 00:00:00,False,False,,,,,
2021-01-10 23:23:54,1348410268183883776,963223121363861504,RobAnderson2018,2021-02-11 00:00:00,False,False,,,,,
2021-01-10 01:06:12,1348073624541024257,963223121363861504,RobAnderson2018,2021-02-11 00:00:00,False,False,,,,,
2021-01-10 02:54:36,1348100904604606466,963223121363861504,RobAnderson2018,2021-02-10 00:00:00,False,False,,,,,
2021-01-10 21:03:40,1348374975556837376,963223121363861504,RobAnderson2018,2021-02-10 00:00:00,False,False,,,,,
2021-01-10 06:42:00,1348158128953688064,963223121363861504,RobAnderson2018,2021-02-11 00:00:00,False,False,,,,,
2021-01-10 23:06:30,1348405889733165062,963223121363861504,RobAnderson2018,2021-02-10 00:00:00,False,False,,,,,
2021-01-10 22:54:07,1348402771800838145,963223121363861504,RobAnderson2018,2021-02-10 00:00:00,False,False,,,,,
2021-01-10 07:55:05,1348176521232588800,963223121363861504,RobAnderson2018,2021-02-11 00:00:00,False,False,,,,,
2021-01-10 23:46:36,1348415978879803393,963223121363861504,RobAnderson2018,2021-02-11 00:00:00,False,False,,,,,
2021-01-10 04:12:33,1348120521716674560,963223121363861504,RobAnderson2018,2021-02-10 00:00:00,False,False,,,,,
2021-01-10 21:00:44,1348374236201676802,963223121363861504,RobAnderson2018,2021-02-11 00:00:00,False,False,,,,,
2021-01-10 22:58:48,1348403950081495041,993153006,RodneyDavis,2021-02-14 00:00:00,False,False,,,,,
2021-01-10 16:53:12,1348311945821097984,18964092,Ron4California,2021-02-16 00:00:00,False,False,,,,,
2021-01-10 04:13:46,1348120824851533825,18964092,Ron4California,2021-02-15 00:00:00,False,False,,,,,
2021-01-10 15:24:22,1348289586850455553,18964092,Ron4California,2021-02-12 00:00:00,False,False,,,,,
2021-01-10 03:06:35,1348103920938217473,18964092,Ron4California,2021-02-09 00:00:00,False,False,,,,,
2021-01-10 04:04:12,1348118418642280448,18964092,Ron4California,2021-02-16 00:00:00,False,False,,,,,
2021-01-10 18:50:01,1348341340602470400,18964092,Ron4California,2021-02-18 00:00:00,False,False,,,,,
2021-01-10 19:01:21,1348344192414609408,18964092,Ron4California,2021-02-14 00:00:00,False,False,,,,,
2021-01-10 04:39:36,1348127326278569984,18964092,Ron4California,2021-02-13 00:00:00,False,False,,,,,
2021-01-10 06:38:56,1348157359881740288,18964092,Ron4California,2021-02-21 00:00:00,False,False,,,,,
2021-01-10 16:48:39,1348310800331464706,18964092,Ron4California,2021-02-14 00:00:00,False,False,,,,,
2021-01-10 03:58:04,1348116874484097025,18964092,Ron4California,2021-02-15 00:00:00,False,False,,,,,
2021-01-10 03:48:48,1348114542589476866,18964092,Ron4California,2021-02-10 00:00:00,False,False,,,,,
2021-01-10 03:56:12,1348116405858627584,18964092,Ron4California,2021-02-13 00:00:00,False,False,,,,,
2021-01-10 16:45:45,1348310068295438338,18964092,Ron4California,2021-02-13 00:00:00,False,False,,,,,
2021-01-10 16:47:56,1348310619636699136,18964092,Ron4California,2021-02-21 00:00:00,False,False,,,,,
2021-01-10 16:10:13,1348301128690061312,250188760,RonWyden,2021-02-10 00:00:00,False,False,,,,,
2021-01-10 18:19:38,1348333696970072067,1201953403099893760,RonnyJacksonTX,2021-02-11 00:00:00,False,False,,,,,
2021-01-10 16:00:01,1348298558445858816,1201953403099893760,RonnyJacksonTX,2021-02-11 00:00:00,False,False,,,,,
2021-01-10 05:46:03,1348144048146677760,1201953403099893760,RonnyJacksonTX,2021-02-12 00:00:00,False,False,,,,,
2021-01-10 22:00:01,1348389155806568449,1201953403099893760,RonnyJacksonTX,2021-02-11 00:00:00,False,False,,,,,
2021-01-10 18:14:48,1348332480449929218,21269970,RoyBlunt,2021-02-11 00:00:00,False,False,,,,,
2021-01-10 00:00:55,1348057192478302209,49217025,RubenGallego,2021-02-09 00:00:00,False,False,,,,,
2021-01-10 00:05:50,1348058431601532928,49217025,RubenGallego,2021-02-16 00:00:00,False,False,,,,,
2021-01-10 01:03:09,1348072857947934720,49217025,RubenGallego,2021-02-09 00:00:00,False,False,,,,,
2021-01-10 15:49:31,1348295919301664770,49217025,RubenGallego,2021-02-10 00:00:00,False,False,,,,,
2021-01-10 01:58:00,1348086659909259265,49217025,RubenGallego,2021-02-11 00:00:00,False,False,,,,,
2021-01-10 02:15:31,1348091066134667267,49217025,RubenGallego,2021-02-11 00:00:00,False,False,,,,,
2021-01-10 03:10:01,1348104784872660995,1190382529758597120,RussellFosterTX,2021-02-17 00:00:00,False,False,,,,,
2021-01-10 02:58:39,1348101921048055809,1190382529758597120,RussellFosterTX,2021-02-10 00:00:00,False,False,,,,,
2021-01-10 16:28:59,1348305851535261698,1190382529758597120,RussellFosterTX,2021-02-14 00:00:00,False,False,,,,,
2021-01-10 17:18:20,1348318269149687814,1190382529758597120,RussellFosterTX,2021-02-14 00:00:00,False,False,,,,,
2021-01-10 22:40:31,1348399348900638720,1100153767708819457,SandySmithNC,2021-02-13 00:00:00,False,False,,,,,
2021-01-10 21:04:46,1348375251734974468,1100153767708819457,SandySmithNC,2021-02-09 00:00:00,False,False,,,,,
2021-01-10 18:53:52,1348342309457457155,1174153996363345921,Santos4Congress,2021-02-17 00:00:00,False,False,,,,,
2021-01-10 00:07:11,1348058769608093697,1174153996363345921,Santos4Congress,2021-02-14 00:00:00,False,False,,,,,
2021-01-10 19:01:31,1348344234131255296,1174153996363345921,Santos4Congress,2021-02-10 00:00:00,False,False,,,,,
2021-01-10 16:48:03,1348310647218515970,1656913327,SaraJacobsCA,2021-02-14 00:00:00,False,False,,,,,
2021-01-10 20:43:10,1348369815531098114,1458013496,ScherieMurray,2021-02-11 00:00:00,False,False,,,,,
2021-01-10 17:26:09,1348320234982305794,1458013496,ScherieMurray,2021-02-11 00:00:00,False,False,,,,,
2021-01-10 19:48:32,1348356069022695426,1458013496,ScherieMurray,2021-02-13 00:00:00,False,False,,,,,
2021-01-10 18:03:31,1348329639576535040,278005891,Schneider4IL10,2021-02-15 00:00:00,False,False,,,,,
2021-01-10 17:20:16,1348318755319918593,66804351,SeanCasten,2021-02-11 00:00:00,False,False,,,,,
2021-01-10 16:59:43,1348313585798311937,66804351,SeanCasten,2021-02-10 00:00:00,False,False,,,,,
2021-01-10 17:26:36,1348320348098453505,66804351,SeanCasten,2021-02-17 00:00:00,False,False,,,,,
2021-01-10 16:58:34,1348313294466121728,66804351,SeanCasten,2021-02-10 00:00:00,False,False,,,,,
2021-01-10 02:24:40,1348093369118056450,66804351,SeanCasten,2021-02-09 00:00:00,False,False,,,,,
2021-01-10 02:13:10,1348090477841686528,66804351,SeanCasten,2021-02-13 00:00:00,False,False,,,,,
2021-01-10 17:02:41,1348314331230953472,66804351,SeanCasten,2021-02-11 00:00:00,False,False,,,,,
2021-01-10 02:22:37,1348092852660744196,66804351,SeanCasten,2021-02-10 00:00:00,False,False,,,,,
2021-01-10 19:40:17,1348353993664294913,66804351,SeanCasten,2021-02-11 00:00:00,False,False,,,,,
2021-01-10 17:01:11,1348313954867666948,66804351,SeanCasten,2021-02-11 00:00:00,False,False,,,,,
2021-01-10 02:23:16,1348093019413753856,66804351,SeanCasten,2021-02-10 00:00:00,False,False,,,,,
2021-01-10 17:13:13,1348316982408581120,66804351,SeanCasten,2021-02-11 00:00:00,False,False,,,,,
2021-01-10 02:20:23,1348092292394078211,66804351,SeanCasten,2021-02-10 00:00:00,False,False,,,,,
2021-01-10 17:17:41,1348318105672568835,66804351,SeanCasten,2021-02-11 00:00:00,False,False,,,,,
2021-01-10 17:36:08,1348322749433970697,66804351,SeanCasten,2021-02-15 00:00:00,False,False,,,,,
2021-01-10 17:31:30,1348321583610417152,66804351,SeanCasten,2021-02-13 00:00:00,False,False,,,,,
2021-01-10 17:24:12,1348319746375168003,66804351,SeanCasten,2021-02-14 00:00:00,False,False,,,,,
2021-01-10 17:15:17,1348317503177576448,66804351,SeanCasten,2021-02-14 00:00:00,False,False,,,,,
2021-01-10 19:02:11,1348344401815363587,66804351,SeanCasten,2021-02-10 00:00:00,False,False,,,,,
2021-01-10 17:07:17,1348315490012246019,66804351,SeanCasten,2021-02-13 00:00:00,False,False,,,,,
2021-01-10 17:04:15,1348314725117997056,66804351,SeanCasten,2021-02-09 00:00:00,False,False,,,,,
2021-01-10 17:38:28,1348323336225501188,66804351,SeanCasten,2021-02-14 00:00:00,False,False,,,,,
2021-01-10 17:29:00,1348320953844068353,66804351,SeanCasten,2021-02-17 00:00:00,False,False,,,,,
2021-01-10 02:21:19,1348092526968721410,66804351,SeanCasten,2021-02-09 00:00:00,False,False,,,,,
2021-01-10 17:23:14,1348319503537631232,66804351,SeanCasten,2021-02-10 00:00:00,False,False,,,,,
2021-01-10 17:10:13,1348316225085046784,66804351,SeanCasten,2021-02-12 00:00:00,False,False,,,,,
2021-01-10 16:30:05,1348306128380297216,66804351,SeanCasten,2021-02-12 00:00:00,False,False,,,,,
2021-01-10 17:20:33,1348318827227082752,701825647,SeanParnellUSA,2021-02-10 00:00:00,False,False,,,,,
2021-01-10 03:14:46,1348105978965798914,701825647,SeanParnellUSA,2021-02-09 00:00:00,False,False,,,,,
2021-01-10 20:30:00,1348366502521663491,988573326376427520,SecPompeo,2021-02-09 00:00:00,False,False,,,,,
2021-01-10 19:30:00,1348351403543072769,988573326376427520,SecPompeo,2021-02-09 00:00:00,False,False,,,,,
2021-01-10 15:30:00,1348291006362341376,988573326376427520,SecPompeo,2021-02-09 00:00:00,False,False,,,,,
2021-01-10 15:00:01,1348283459106648064,988573326376427520,SecPompeo,2021-02-15 00:00:00,False,False,,,,,
2021-01-10 22:00:00,1348389151926751232,988573326376427520,SecPompeo,2021-02-09 00:00:00,False,False,,,,,
2021-01-10 18:30:00,1348336304174481408,988573326376427520,SecPompeo,2021-02-11 00:00:00,False,False,,,,,
2021-01-10 16:30:00,1348306104984367107,988573326376427520,SecPompeo,2021-02-09 00:00:00,False,False,,,,,
2021-01-10 14:00:01,1348268359922552833,988573326376427520,SecPompeo,2021-02-08 00:00:00,False,False,,,,,
2021-01-10 21:30:00,1348381601692962816,988573326376427520,SecPompeo,2021-02-09 00:00:00,False,False,,,,,
2021-01-10 13:00:04,1348253274001072130,988573326376427520,SecPompeo,2021-02-09 00:00:00,False,False,,,,,
2021-01-10 17:30:00,1348321204646526976,988573326376427520,SecPompeo,2021-02-08 00:00:00,False,False,,,,,
2021-01-10 14:30:00,1348275905630785543,988573326376427520,SecPompeo,2021-02-09 00:00:00,False,False,,,,,
2021-01-10 13:30:00,1348260806140559362,988573326376427520,SecPompeo,2021-02-09 00:00:00,False,False,,,,,
2021-01-10 19:00:00,1348343855653990408,988573326376427520,SecPompeo,2021-02-09 00:00:00,False,False,,,,,
2021-01-10 16:00:00,1348298555111452672,988573326376427520,SecPompeo,2021-02-09 00:00:00,False,False,,,,,
2021-01-10 20:00:00,1348358952765976576,988573326376427520,SecPompeo,2021-02-09 00:00:00,False,False,,,,,
2021-01-10 17:00:01,1348313657734811654,988573326376427520,SecPompeo,2021-02-09 00:00:00,False,False,,,,,
2021-01-10 18:00:37,1348328910174515209,988573326376427520,SecPompeo,2021-02-09 00:00:00,False,False,,,,,
2021-01-10 22:30:00,1348396701392859136,988573326376427520,SecPompeo,2021-02-08 00:00:00,False,False,,,,,
2021-01-10 21:00:00,1348374054764486660,988573326376427520,SecPompeo,2021-02-09 00:00:00,False,False,,,,,
2021-01-10 23:00:01,1348404257196797958,988573326376427520,SecPompeo,2021-02-09 00:00:00,False,False,,,,,
2021-01-10 23:30:00,1348411800572764160,988573326376427520,SecPompeo,2021-02-09 00:00:00,False,False,,,,,
2021-01-10 15:08:52,1348285686303109120,1068481578,SenAngusKing,2021-02-09 00:00:00,False,False,,,,,
2021-01-10 02:31:32,1348095099532673028,278124059,SenBlumenthal,2021-02-13 00:00:00,False,False,,,,,
2021-01-10 01:44:03,1348083150694608900,278124059,SenBlumenthal,2021-02-10 00:00:00,False,False,,,,,
2021-01-10 18:37:18,1348338140709314560,278124059,SenBlumenthal,2021-02-10 00:00:00,False,False,,,,,
2021-01-10 18:37:17,1348338139199385603,278124059,SenBlumenthal,2021-02-13 00:00:00,False,False,,,,,
2021-01-10 19:47:54,1348355906585636870,278124059,SenBlumenthal,2021-02-09 00:00:00,False,False,,,,,
2021-01-10 04:05:47,1348118815318691845,278124059,SenBlumenthal,2021-02-09 00:00:00,False,False,,,,,
2021-01-10 23:02:53,1348404976905838597,171598736,SenBobCasey,2021-02-11 00:00:00,False,False,,,,,
2021-01-10 23:02:53,1348404977694371844,171598736,SenBobCasey,2021-02-18 00:00:00,False,False,,,,,
2021-01-10 01:28:25,1348079213052653568,811313565760163844,SenCortezMasto,2021-02-09 00:00:00,False,False,,,,,
2021-01-10 17:24:21,1348319782521724933,476256944,SenFeinstein,2021-02-13 00:00:00,False,False,,,,,
2021-01-10 20:41:37,1348369427344060419,236511574,SenGaryPeters,2021-02-13 00:00:00,False,False,,,,,
2021-01-10 19:24:04,1348349908672253952,236511574,SenGaryPeters,2021-02-09 00:00:00,False,False,,,,,
2021-01-10 22:48:39,1348401395590967296,486694111,SenJackReed,2021-02-09 00:00:00,False,False,,,,,
2021-01-10 21:05:21,1348375397415706624,818554054309715969,SenJackyRosen,2021-02-09 00:00:00,False,False,,,,,
2021-01-10 01:03:23,1348072913526804481,29201047,SenJeffMerkley,2021-02-10 00:00:00,False,False,,,,,
2021-01-10 16:44:32,1348309763919118345,21406834,SenMarkey,2021-02-12 00:00:00,False,False,,,,,
2021-01-10 22:15:51,1348393142509326337,131546062,SenRickScott,2021-02-13 00:00:00,False,False,,,,,
2021-01-10 16:54:19,1348312224616611841,131546062,SenRickScott,2021-02-18 00:00:00,False,False,,,,,
2021-01-10 19:48:54,1348356161351909376,131546062,SenRickScott,2021-02-11 00:00:00,False,False,,,,,
2021-01-10 13:00:00,1348253256330276867,29442313,SenSanders,2021-02-08 00:00:00,False,False,,,,,
2021-01-10 19:28:10,1348350941012123649,29442313,SenSanders,2021-02-10 00:00:00,False,False,,,,,
2021-01-10 18:57:27,1348343211908018187,941000686275387392,SenTinaSmith,2021-02-11 00:00:00,False,False,,,,,
2021-01-10 18:57:27,1348343213027897348,941000686275387392,SenTinaSmith,2021-02-11 00:00:00,False,False,,,,,
2021-01-10 03:57:22,1348116700672225280,941000686275387392,SenTinaSmith,2021-02-09 00:00:00,False,False,,,,,
2021-01-10 15:54:22,1348297138539798528,234128524,SenToddYoung,2021-02-11 00:00:00,False,False,,,,,
2021-01-10 15:54:22,1348297139408031747,234128524,SenToddYoung,2021-02-15 00:00:00,False,False,,,,,
2021-01-10 21:34:44,1348382795727564800,970207298,SenWarren,2021-02-09 00:00:00,False,False,,,,,
2021-01-10 15:40:06,1348293546537869321,242555999,SenWhitehouse,2021-02-11 00:00:00,False,False,,,,,
2021-01-10 15:40:02,1348293531757137922,242555999,SenWhitehouse,2021-02-11 00:00:00,False,False,,,,,
2021-01-10 22:57:39,1348403660204748802,242555999,SenWhitehouse,2021-02-11 00:00:00,False,False,,,,,
2021-01-10 20:18:53,1348363704618930178,242555999,SenWhitehouse,2021-02-11 00:00:00,False,False,,,,,
2021-01-10 15:40:01,1348293527143411717,242555999,SenWhitehouse,2021-02-10 00:00:00,False,False,,,,,
2021-01-10 15:40:02,1348293530322669571,242555999,SenWhitehouse,2021-02-12 00:00:00,False,False,,,,,
2021-01-10 15:40:04,1348293537889218564,242555999,SenWhitehouse,2021-02-11 00:00:00,False,False,,,,,
2021-01-10 00:24:00,1348063002369675265,242555999,SenWhitehouse,2021-02-10 00:00:00,False,False,,,,,
2021-01-10 18:42:21,1348339414104215553,242555999,SenWhitehouse,2021-02-09 00:00:00,False,False,,,,,
2021-01-10 15:40:01,1348293528623972353,242555999,SenWhitehouse,2021-02-13 00:00:00,False,False,,,,,
2021-01-10 15:40:03,1348293536173727749,242555999,SenWhitehouse,2021-02-10 00:00:00,False,False,,,,,
2021-01-10 15:40:01,1348293525121736706,242555999,SenWhitehouse,2021-02-10 00:00:00,False,False,,,,,
2021-01-10 15:40:03,1348293534923829250,242555999,SenWhitehouse,2021-02-11 00:00:00,False,False,,,,,
2021-01-10 15:40:03,1348293533279649794,242555999,SenWhitehouse,2021-02-10 00:00:00,False,False,,,,,
2021-01-10 22:55:04,1348403012507729921,242555999,SenWhitehouse,2021-02-12 00:00:00,False,False,,,,,
2021-01-10 15:40:00,1348293523330707457,242555999,SenWhitehouse,2021-02-11 00:00:00,False,False,,,,,
2021-01-10 15:39:59,1348293518758973442,242555999,SenWhitehouse,2021-02-09 00:00:00,False,False,,,,,
2021-01-10 20:19:43,1348363916821356546,224285242,SenatorBennet,2021-02-11 00:00:00,False,False,,,,,
2021-01-10 03:43:28,1348113201821585409,224285242,SenatorBennet,2021-02-11 00:00:00,False,False,,,,,
2021-01-10 22:47:15,1348401042115858434,109071031,SenatorCardin,2021-02-09 00:00:00,False,False,,,,,
2021-01-10 18:57:20,1348343181784580098,247334603,SenatorDurbin,2021-02-16 00:00:00,False,False,,,,,
2021-01-10 20:09:25,1348361321587347460,109287731,SenatorShaheen,2021-02-15 00:00:00,False,False,,,,,
2021-01-10 16:47:48,1348310583993643010,109287731,SenatorShaheen,2021-03-04 00:00:00,False,False,,,,,
2021-01-10 23:49:34,1348416727747612673,109287731,SenatorShaheen,2021-02-13 00:00:00,False,False,,,,,
2021-01-10 19:28:44,1348351086910988294,217543151,SenatorTimScott,2021-02-10 00:00:00,False,False,,,,,
2021-01-10 17:07:26,1348315524900528137,217543151,SenatorTimScott,2021-02-11 00:00:00,False,False,,,,,
2021-01-10 19:28:44,1348351086051127298,217543151,SenatorTimScott,2021-02-09 00:00:00,False,False,,,,,
2021-01-10 15:52:22,1348296633465921536,1671024336,Senatorspearman,2021-02-11 00:00:00,False,False,,,,,
2021-01-10 14:54:44,1348282131621896193,965004924370079744,ShahidForChange,2021-02-14 00:00:00,False,False,,,,,
2021-01-10 18:45:43,1348340260569194497,965004924370079744,ShahidForChange,2021-02-14 00:00:00,False,False,,,,,
2021-01-10 02:10:27,1348089791267491845,965004924370079744,ShahidForChange,2021-02-11 00:00:00,False,False,,,,,
2021-01-10 03:06:55,1348104004765503491,965004924370079744,ShahidForChange,2021-02-11 00:00:00,False,False,,,,,
2021-01-10 00:59:59,1348072057486000128,965004924370079744,ShahidForChange,2021-02-13 00:00:00,False,False,,,,,
2021-01-10 14:49:15,1348280750282428420,965004924370079744,ShahidForChange,2021-02-16 00:00:00,False,False,,,,,
2021-01-10 18:56:37,1348343001026764801,965004924370079744,ShahidForChange,2021-02-13 00:00:00,False,False,,,,,
2021-01-10 13:57:09,1348267640091856897,965004924370079744,ShahidForChange,2021-02-10 00:00:00,False,False,,,,,
2021-01-10 15:36:07,1348292543742582784,965004924370079744,ShahidForChange,2021-02-15 00:00:00,False,False,,,,,
2021-01-10 19:42:45,1348354612382760960,965004924370079744,ShahidForChange,2021-02-17 00:00:00,False,False,,,,,
2021-01-10 04:35:15,1348126232643252224,123036487,ShaneTHazel,2021-02-16 00:00:00,False,False,,,,,
2021-01-10 12:51:28,1348251108330909698,123036487,ShaneTHazel,2021-02-14 00:00:00,False,False,,,,,
2021-01-10 12:20:37,1348243345827635205,123036487,ShaneTHazel,2021-02-17 00:00:00,False,False,,,,,
2021-01-10 14:40:11,1348278468358926340,123036487,ShaneTHazel,2021-02-11 00:00:00,False,False,,,,,
2021-01-10 20:42:01,1348369528120614912,1152385955187298304,ShannonFreshour,2021-02-12 00:00:00,False,False,,,,,
2021-01-10 01:23:07,1348077880748756992,1152385955187298304,ShannonFreshour,2021-02-10 00:00:00,False,False,,,,,
2021-01-10 14:44:32,1348279561893662720,1152385955187298304,ShannonFreshour,2021-02-10 00:00:00,False,False,,,,,
2021-01-10 00:01:44,1348057399396069377,1152385955187298304,ShannonFreshour,2021-02-13 00:00:00,False,False,,,,,
2021-01-10 00:03:30,1348057845187702785,1152385955187298304,ShannonFreshour,2021-02-14 00:00:00,False,False,,,,,
2021-01-10 17:44:13,1348324783402999809,1152385955187298304,ShannonFreshour,2021-02-10 00:00:00,False,False,,,,,
2021-01-10 16:35:29,1348307485317361664,1152385955187298304,ShannonFreshour,2021-02-18 00:00:00,False,False,,,,,
2021-01-10 15:37:00,1348292765805928450,1152385955187298304,ShannonFreshour,2021-02-13 00:00:00,False,False,,,,,
2021-01-10 03:31:55,1348110294715949060,1152385955187298304,ShannonFreshour,2021-02-08 00:00:00,False,False,,,,,
2021-01-10 16:35:25,1348307467860635649,1152385955187298304,ShannonFreshour,2021-02-14 00:00:00,False,False,,,,,
2021-01-10 13:41:09,1348263612952027136,1152385955187298304,ShannonFreshour,2021-02-14 00:00:00,False,False,,,,,
2021-01-10 14:48:27,1348280548754677760,1152385955187298304,ShannonFreshour,2021-02-11 00:00:00,False,False,,,,,
2021-01-10 19:04:37,1348345016595304448,1152385955187298304,ShannonFreshour,2021-02-14 00:00:00,False,False,,,,,
2021-01-10 02:15:45,1348091127669411844,1152385955187298304,ShannonFreshour,2021-02-11 00:00:00,False,False,,,,,
2021-01-10 19:05:52,1348345328777523202,1152385955187298304,ShannonFreshour,2021-02-10 00:00:00,False,False,,,,,
2021-01-10 20:39:59,1348369017162096643,1152385955187298304,ShannonFreshour,2021-02-10 00:00:00,False,False,,,,,
2021-01-10 13:46:35,1348264981071097862,1152385955187298304,ShannonFreshour,2021-02-12 00:00:00,False,False,,,,,
2021-01-10 20:35:39,1348367924273283075,1152385955187298304,ShannonFreshour,2021-02-14 00:00:00,False,False,,,,,
2021-01-10 02:47:42,1348099168254963714,1152385955187298304,ShannonFreshour,2021-02-10 00:00:00,False,False,,,,,
2021-01-10 02:34:00,1348095720604237825,1152385955187298304,ShannonFreshour,2021-02-10 00:00:00,False,False,,,,,
2021-01-10 13:36:44,1348262501792804864,1152385955187298304,ShannonFreshour,2021-02-11 00:00:00,False,False,,,,,
2021-01-10 22:55:16,1348403061333647362,3299995136,SheriffTNehls,2021-02-16 00:00:00,False,False,,,,,
2021-01-10 16:35:36,1348307515394572288,403663140,ShireenGhorbani,2021-02-11 00:00:00,False,False,,,,,
2021-01-10 02:50:30,1348099873413980160,937020045963665409,SiegelForTexas,2021-03-05 00:00:00,False,False,,,,,
2021-01-10 14:57:15,1348282765435949059,937020045963665409,SiegelForTexas,2021-02-12 00:00:00,False,False,,,,,
2021-01-10 12:45:18,1348249556362948610,882958562296819714,SpanbergerVA07,2021-02-10 00:00:00,False,False,,,,,
2021-01-10 22:54:22,1348402833171881985,15764644,SpeakerPelosi,2021-02-09 00:00:00,False,False,,,,,
2021-01-10 19:17:48,1348348334973530113,1127949384828817408,StephLSchmid,2021-02-15 00:00:00,False,False,,,,,
2021-01-10 17:08:55,1348315900383010819,1127949384828817408,StephLSchmid,2021-02-12 00:00:00,False,False,,,,,
2021-01-10 18:37:09,1348338103103197185,1127949384828817408,StephLSchmid,2021-02-18 00:00:00,False,False,,,,,
2021-01-10 17:00:24,1348313754413527041,1127949384828817408,StephLSchmid,2021-02-18 00:00:00,False,False,,,,,
2021-01-10 23:14:28,1348407893767417856,48117116,SteveKingIA,2021-02-10 00:00:00,False,False,,,,,
2021-01-10 18:09:15,1348331081263706112,1209417007,SteveScalise,2021-02-11 00:00:00,False,False,,,,,
2021-01-10 18:07:39,1348330677914238976,964207385253416960,SteveWoodsmall,2021-02-18 00:00:00,False,False,,,,,
2021-01-10 03:10:02,1348104785464086530,964207385253416960,SteveWoodsmall,2021-02-16 00:00:00,False,False,,,,,
2021-01-10 20:35:30,1348367889426915328,246478393,StevenHorsford,2021-02-11 00:00:00,False,False,,,,,
2021-01-10 20:35:29,1348367884662161408,246478393,StevenHorsford,2021-02-10 00:00:00,False,False,,,,,
2021-01-10 20:35:30,1348367887837192193,246478393,StevenHorsford,2021-02-10 00:00:00,False,False,,,,,
2021-01-10 20:35:30,1348367886734118914,246478393,StevenHorsford,2021-02-11 00:00:00,False,False,,,,,
2021-01-10 17:12:28,1348316791995555840,246478393,StevenHorsford,2021-02-09 00:00:00,False,False,,,,,
2021-01-10 05:03:53,1348133437455138818,930212715422998530,TWines4congress,2021-02-14 00:00:00,False,False,,,,,
2021-01-10 23:23:32,1348410172918665219,930212715422998530,TWines4congress,2021-02-18 00:00:00,False,False,,,,,
2021-01-10 02:35:09,1348096010153816065,20486916,TabithaK,2021-02-11 00:00:00,False,False,,,,,
2021-01-10 02:40:07,1348097259687313410,20486916,TabithaK,2021-02-14 00:00:00,False,False,,,,,
2021-01-10 15:50:32,1348296174344695809,1105326466588323845,TamikaGHamilton,2021-02-10 00:00:00,False,False,,,,,
2021-01-10 14:00:17,1348268429946470402,1105326466588323845,TamikaGHamilton,2021-02-14 00:00:00,False,False,,,,,
2021-01-10 21:37:13,1348383420834062336,65541270,TedDeutch,2021-02-13 00:00:00,False,False,,,,,
2021-01-10 16:31:09,1348306396727672842,731616058495389696,TedraCobb,2021-02-12 00:00:00,False,False,,,,,
2021-01-10 18:45:02,1348340086077874176,14377605,TheDemocrats,2021-02-10 00:00:00,False,False,,,,,
2021-01-10 20:23:01,1348364744680497152,14377605,TheDemocrats,2021-02-10 00:00:00,False,False,,,,,
2021-01-10 10:29:06,1348215281907347457,24193334,TiffanyBond,2021-02-22 00:00:00,False,False,,,,,
2021-01-10 01:02:24,1348072666192891905,24193334,TiffanyBond,2021-02-11 00:00:00,False,False,,,,,
2021-01-10 00:48:37,1348069199327817728,24193334,TiffanyBond,2021-02-10 00:00:00,False,False,,,,,
2021-01-10 23:06:54,1348405990018985998,24193334,TiffanyBond,2021-02-11 00:00:00,False,False,,,,,
2021-01-10 14:09:42,1348270799396941824,24193334,TiffanyBond,2021-02-13 00:00:00,False,False,,,,,
2021-01-10 13:32:39,1348261473248817153,24193334,TiffanyBond,2021-02-14 00:00:00,False,False,,,,,
2021-01-10 02:23:41,1348093122857881607,466532637,TimRyan,2021-02-13 00:00:00,False,False,,,,,
2021-01-10 17:09:00,1348315922017243138,466532637,TimRyan,2021-02-09 00:00:00,False,False,,,,,
2021-01-10 15:19:40,1348288403574501376,466532637,TimRyan,2021-02-14 00:00:00,False,False,,,,,
2021-01-10 18:49:36,1348341238081200131,466532637,TimRyan,2021-02-10 00:00:00,False,False,,,,,
2021-01-10 04:03:10,1348118158801051648,1159435823772815360,ToddRowleyPA13,2021-02-12 00:00:00,False,False,,,,,
2021-01-10 22:19:23,1348394029227118592,1159435823772815360,ToddRowleyPA13,2021-02-14 00:00:00,False,False,,,,,
2021-01-10 23:50:01,1348416839831990272,1159435823772815360,ToddRowleyPA13,2021-02-13 00:00:00,False,False,,,,,
2021-01-10 18:44:52,1348340046051627013,1159435823772815360,ToddRowleyPA13,2021-02-12 00:00:00,False,False,,,,,
2021-01-10 00:37:50,1348066486053691392,1159435823772815360,ToddRowleyPA13,2021-02-14 00:00:00,False,False,,,,,
2021-01-10 21:00:41,1348374227024539652,1159435823772815360,ToddRowleyPA13,2021-02-11 00:00:00,False,False,,,,,
2021-01-10 19:17:03,1348348144912838656,1159435823772815360,ToddRowleyPA13,2021-02-13 00:00:00,False,False,,,,,
2021-01-10 19:17:03,1348348146733228035,1159435823772815360,ToddRowleyPA13,2021-02-18 00:00:00,False,False,,,,,
2021-01-10 15:28:04,1348290520154578945,986776592830681088,Tom4CongressNY6,2021-02-17 00:00:00,False,False,,,,,
2021-01-10 21:48:52,1348386349976530944,986776592830681088,Tom4CongressNY6,2021-02-14 00:00:00,False,False,,,,,
2021-01-10 13:13:21,1348256616009891840,986776592830681088,Tom4CongressNY6,2021-02-11 00:00:00,False,False,,,,,
2021-01-10 23:28:59,1348411547199090694,1182317601105551360,TriciaforWI,2021-02-18 00:00:00,False,False,,,,,
2021-01-10 01:26:05,1348078627947229193,1182317601105551360,TriciaforWI,2021-02-14 00:00:00,False,False,,,,,
2021-01-10 01:26:06,1348078629549453312,1182317601105551360,TriciaforWI,2021-02-11 00:00:00,False,False,,,,,
2021-01-10 01:33:04,1348080383267627018,1182317601105551360,TriciaforWI,2021-02-15 00:00:00,False,False,,,,,
2021-01-10 18:59:07,1348343629862084617,803694179079458816,VP,2021-02-09 00:00:00,False,False,,,,,
2021-01-10 21:35:01,1348382863398490115,607332953,WVGovernor,2021-02-13 00:00:00,False,False,,,,,
2021-01-10 02:05:59,1348088666879627265,346504895,WallaceCongress,2021-02-13 00:00:00,False,False,,,,,
2021-01-10 16:45:55,1348310112075702274,742735530287304704,WarrenDavidson,2021-02-12 00:00:00,False,False,,,,,
2021-01-10 17:29:52,1348321170286931969,1193071631188549632,Welch_tx,2021-02-22 00:00:00,False,False,,,,,
2021-01-10 13:22:01,1348258796406243328,1193071631188549632,Welch_tx,2021-02-10 00:00:00,False,False,,,,,
2021-01-10 02:01:35,1348087560531271681,1193071631188549632,Welch_tx,2021-02-11 00:00:00,False,False,,,,,
2021-01-10 17:17:36,1348318082658234368,4363421652,WendyReedTweet,2021-02-20 00:00:00,False,False,,,,,
2021-01-10 00:49:35,1348069440819228673,96502351,WendyRogersAZ,2021-02-10 00:00:00,False,False,,,,,
2021-01-10 01:06:54,1348073801452580864,96502351,WendyRogersAZ,2021-02-13 00:00:00,False,False,,,,,
2021-01-10 22:17:55,1348393660824616965,96502351,WendyRogersAZ,2021-02-11 00:00:00,False,False,,,,,
2021-01-10 03:18:41,1348106965105434624,96502351,WendyRogersAZ,2021-02-09 00:00:00,False,False,,,,,
2021-01-10 21:03:05,1348374829729275906,96502351,WendyRogersAZ,2021-02-10 00:00:00,False,False,,,,,
2021-01-10 02:31:45,1348095151902576641,1070051454235303936,WinterForMT,2021-02-21 00:00:00,False,False,,,,,
2021-01-10 06:48:23,1348159736395354113,1070051454235303936,WinterForMT,2021-02-10 00:00:00,False,False,,,,,
2021-01-10 15:37:06,1348292794050293761,1084864280468639744,ZSpezakis,2021-02-13 00:00:00,False,False,,,,,
2021-01-10 21:49:22,1348386477089173504,1228164767870619649,ZoeCongress2022,2021-02-11 00:00:00,False,False,,,,,
2021-01-10 20:55:26,1348372903730016257,1228164767870619649,ZoeCongress2022,2021-02-15 00:00:00,False,False,,,,,
2021-01-10 14:24:56,1348274631485124609,858809231167942660,_karaeastman,2021-02-13 00:00:00,False,False,,,,,
2021-01-10 03:42:15,1348112893955477511,1145755891427348482,aVoice4MA6,2021-02-13 00:00:00,False,False,,,,,
2021-01-10 20:33:27,1348367370256064520,1145755891427348482,aVoice4MA6,2021-02-20 00:00:00,False,False,,,,,
2021-01-10 02:47:20,1348099075581816835,2348492935,alcee4congress,2021-02-13 00:00:00,False,False,,,,,
2021-01-10 18:14:29,1348332400846266368,999078039114928128,america1timfaze,2021-02-10 00:00:00,False,False,,,,,
2021-01-10 21:31:19,1348381932678225921,33537967,amyklobuchar,2021-02-11 00:00:00,False,False,,,,,
2021-01-10 21:32:58,1348382348287602690,863040334149898240,anthonyvclark20,2021-02-09 00:00:00,False,False,,,,,
2021-01-10 21:09:27,1348376430149857286,863040334149898240,anthonyvclark20,2021-02-11 00:00:00,False,False,,,,,
2021-01-10 19:54:11,1348357490925305856,863040334149898240,anthonyvclark20,2021-02-10 00:00:00,False,False,,,,,
2021-01-10 23:05:05,1348405531971616769,863040334149898240,anthonyvclark20,2021-02-10 00:00:00,False,False,,,,,
2021-01-10 13:37:09,1348262606302277632,172344569,arunamiller,2021-02-13 00:00:00,False,False,,,,,
2021-01-10 05:15:28,1348136353339297794,52644968,briansantamaria,2021-02-10 00:00:00,False,False,,,,,
2021-01-10 20:37:34,1348368409277337601,52644968,briansantamaria,2021-02-13 00:00:00,False,False,,,,,
2021-01-10 23:53:13,1348417644811014145,52644968,briansantamaria,2021-02-14 00:00:00,False,False,,,,,
2021-01-10 19:07:55,1348345848288055297,52644968,briansantamaria,2021-02-11 00:00:00,False,False,,,,,
2021-01-10 19:56:56,1348358180246495233,47747074,brianschatz,2021-02-09 00:00:00,False,False,,,,,
2021-01-10 01:44:04,1348083154137927681,47747074,brianschatz,2021-02-09 00:00:00,False,False,,,,,
2021-01-10 03:10:19,1348104859627757575,48500146,bridgetmfleming,2021-03-10 00:00:00,False,False,,,,,
2021-01-10 16:59:39,1348313568349978625,2997938738,broadcoalition,2021-02-19 00:00:00,False,False,,,,,
2021-01-10 19:23:10,1348349684914548738,2997938738,broadcoalition,2021-02-15 00:00:00,False,False,,,,,
2021-01-10 17:15:06,1348317453235978243,834857274711670785,candacefor24,2021-02-12 00:00:00,False,False,,,,,
2021-01-10 17:29:26,1348321060723167232,18027450,carldemaio,2021-02-14 00:00:00,False,False,,,,,
2021-01-10 21:01:03,1348374318238064641,2853309155,carloslcurbelo,2021-02-13 00:00:00,False,False,,,,,
2021-01-10 17:08:05,1348315691191963649,429227921,cenkuygur,2021-02-09 00:00:00,False,False,,,,,
2021-01-10 22:33:07,1348397487845998597,1257667158,chiproytx,2021-02-10 00:00:00,False,False,,,,,
2021-01-10 19:08:54,1348346093596270592,23318036,chrisjollyhale,2021-02-10 00:00:00,False,False,,,,,
2021-01-10 21:25:27,1348380457130405894,23318036,chrisjollyhale,2021-02-09 00:00:00,False,False,,,,,
2021-01-10 20:51:13,1348371841816125442,23318036,chrisjollyhale,2021-02-15 00:00:00,False,False,,,,,
2021-01-10 20:11:42,1348361897226207232,23318036,chrisjollyhale,2021-02-10 00:00:00,False,False,,,,,
2021-01-10 23:02:18,1348404829106925568,23318036,chrisjollyhale,2021-02-14 00:00:00,False,False,,,,,
2021-01-10 03:38:50,1348112036564230144,23318036,chrisjollyhale,2021-02-11 00:00:00,False,False,,,,,
2021-01-10 16:39:39,1348308533595566084,23318036,chrisjollyhale,2021-02-09 00:00:00,False,False,,,,,
2021-01-10 17:45:39,1348325143010017282,23318036,chrisjollyhale,2021-02-09 00:00:00,False,False,,,,,
2021-01-10 19:57:44,1348358384978960386,23318036,chrisjollyhale,2021-02-11 00:00:00,False,False,,,,,
2021-01-10 16:05:46,1348300006382514178,23318036,chrisjollyhale,2021-02-13 00:00:00,False,False,,,,,
2021-01-10 18:00:00,1348328755140427779,262192574,cindyhydesmith,2021-02-11 00:00:00,False,False,,,,,
2021-01-10 16:50:44,1348311321356476417,823728914208002050,dana_balter,2021-02-14 00:00:00,False,False,,,,,
2021-01-10 18:55:57,1348342833502167045,23593446,davidcicilline,2021-02-08 00:00:00,False,False,,,,,
2021-01-10 21:26:20,1348380679566974977,23593446,davidcicilline,2021-02-09 00:00:00,False,False,,,,,
2021-01-10 16:18:55,1348303317630386177,24233458,davidwbrown,2021-02-17 00:00:00,False,False,,,,,
2021-01-10 14:39:36,1348278324007739393,24233458,davidwbrown,2021-02-14 00:00:00,False,False,,,,,
2021-01-10 16:53:04,1348311909586628610,24233458,davidwbrown,2021-02-11 00:00:00,False,False,,,,,
2021-01-10 18:09:01,1348331025177346050,967145325881319425,delina4az,2021-02-11 00:00:00,False,False,,,,,
2021-01-10 22:00:06,1348389178036219904,967145325881319425,delina4az,2021-02-11 00:00:00,False,False,,,,,
2021-01-10 20:55:59,1348373043807088640,967145325881319425,delina4az,2021-02-12 00:00:00,False,False,,,,,
2021-01-10 03:29:07,1348109588596359168,528177366,devindthorpe,2021-02-16 00:00:00,False,False,,,,,
2021-01-10 16:55:35,1348312544604258306,807323561924947968,donnaimamTX,2021-02-10 00:00:00,False,False,,,,,
2021-01-10 17:58:54,1348328476441501698,807323561924947968,donnaimamTX,2021-02-10 00:00:00,False,False,,,,,
2021-01-10 06:31:51,1348155574542868481,23205768,drdia,2021-02-13 00:00:00,False,False,,,,,
2021-01-10 14:35:28,1348277283895865345,14466538,dscc,2021-02-13 00:00:00,False,False,,,,,
2021-01-10 20:27:45,1348365936710004746,14466538,dscc,2021-02-13 00:00:00,False,False,,,,,
2021-01-10 18:58:01,1348343355147743235,14466538,dscc,2021-02-11 00:00:00,False,False,,,,,
2021-01-10 21:50:24,1348386735105966082,1093282962186092544,eagle4congress,2021-02-13 00:00:00,False,False,,,,,
2021-01-10 19:49:26,1348356292814004226,1093282962186092544,eagle4congress,2021-02-11 00:00:00,False,False,,,,,
2021-01-10 15:14:27,1348287092758077440,1093282962186092544,eagle4congress,2021-02-10 00:00:00,False,False,,,,,
2021-01-10 21:16:43,1348378259457765384,1093282962186092544,eagle4congress,2021-02-12 00:00:00,False,False,,,,,
2021-01-10 15:07:08,1348285251550912513,1093282962186092544,eagle4congress,2021-02-13 00:00:00,False,False,,,,,
2021-01-10 04:41:58,1348127924642320390,1093282962186092544,eagle4congress,2021-02-12 00:00:00,False,False,,,,,
2021-01-10 23:38:48,1348414018386587650,1093282962186092544,eagle4congress,2021-02-14 00:00:00,False,False,,,,,
2021-01-10 19:10:39,1348346535738806272,1093282962186092544,eagle4congress,2021-02-22 00:00:00,False,False,,,,,
2021-01-10 23:20:15,1348409350189178883,1093282962186092544,eagle4congress,2021-02-14 00:00:00,False,False,,,,,
2021-01-10 01:19:45,1348077034774401031,1093282962186092544,eagle4congress,2021-02-09 00:00:00,False,False,,,,,
2021-01-10 20:44:22,1348370119022563328,1093282962186092544,eagle4congress,2021-02-13 00:00:00,False,False,,,,,
2021-01-10 00:14:47,1348060684509179904,1093282962186092544,eagle4congress,2021-02-12 00:00:00,False,False,,,,,
2021-01-10 22:01:44,1348389589736677376,1093282962186092544,eagle4congress,2021-02-11 00:00:00,False,False,,,,,
2021-01-10 18:36:58,1348338058475806720,1093282962186092544,eagle4congress,2021-02-13 00:00:00,False,False,,,,,
2021-01-10 00:54:47,1348070749005881344,1093282962186092544,eagle4congress,2021-02-12 00:00:00,False,False,,,,,
2021-01-10 16:39:51,1348308585936261122,1093282962186092544,eagle4congress,2021-02-18 00:00:00,False,False,,,,,
2021-01-10 23:42:52,1348415040764997641,1093282962186092544,eagle4congress,2021-02-11 00:00:00,False,False,,,,,
2021-01-10 18:13:18,1348332100852871172,1093282962186092544,eagle4congress,2021-02-18 00:00:00,False,False,,,,,
2021-01-10 20:07:24,1348360816475557888,377609596,ericswalwell,2021-02-09 00:00:00,False,False,,,,,
2021-01-10 20:00:13,1348359006666952718,377609596,ericswalwell,2021-02-10 00:00:00,False,False,,,,,
2021-01-10 02:04:47,1348088366890291200,377609596,ericswalwell,2021-02-09 00:00:00,False,False,,,,,
2021-01-10 22:32:13,1348397261110308867,1163837390777212928,gadeforvirginia,2021-02-14 00:00:00,False,False,,,,,
2021-01-10 20:44:51,1348370240409919496,1093619068148559872,gretchenwhitmer,2021-02-10 00:00:00,False,False,,,,,
2021-01-10 16:48:13,1348310689811755008,479017220,hakeemjeffries,2021-02-09 00:00:00,False,False,,,,,
2021-01-10 17:14:28,1348317297262391297,73754019,harrisonjaime,2021-02-10 00:00:00,False,False,,,,,
2021-01-10 16:23:17,1348304416810655744,73754019,harrisonjaime,2021-02-09 00:00:00,False,False,,,,,
2021-01-10 16:34:59,1348307359899262976,73754019,harrisonjaime,2021-02-09 00:00:00,False,False,,,,,
2021-01-10 22:21:45,1348394627838091266,887363635692969984,hiral4congress,2021-02-13 00:00:00,False,False,,,,,
2021-01-10 18:11:53,1348331745414766595,887363635692969984,hiral4congress,2021-03-09 00:00:00,False,False,,,,,
2021-01-10 16:46:58,1348310373166837763,887363635692969984,hiral4congress,2021-02-12 00:00:00,False,False,,,,,
2021-01-10 20:37:59,1348368511769444353,31611298,jahimes,2021-02-10 00:00:00,False,False,,,,,
2021-01-10 20:37:58,1348368509563260931,31611298,jahimes,2021-02-09 00:00:00,False,False,,,,,
2021-01-10 21:45:07,1348385406916714498,31611298,jahimes,2021-02-14 00:00:00,False,False,,,,,
2021-01-10 16:25:31,1348304976012054528,31611298,jahimes,2021-02-15 00:00:00,False,False,,,,,
2021-01-10 20:37:59,1348368510817329153,31611298,jahimes,2021-02-10 00:00:00,False,False,,,,,
2021-01-10 20:41:27,1348369384700571650,31611298,jahimes,2021-02-14 00:00:00,False,False,,,,,
2021-01-10 01:51:42,1348085075330686980,14425872,janasanchez,2021-02-16 00:00:00,False,False,,,,,
2021-01-10 16:37:09,1348307906123468802,14425872,janasanchez,2021-02-15 00:00:00,False,False,,,,,
2021-01-10 13:55:07,1348267126390468610,14425872,janasanchez,2021-02-13 00:00:00,False,False,,,,,
2021-01-10 00:36:36,1348066175738142721,1218203858104725511,jenny4congress,2021-02-21 00:00:00,False,False,,,,,
2021-01-10 13:44:23,1348264424583409664,30767157,jessemermell,2021-02-12 00:00:00,False,False,,,,,
2021-01-10 23:34:05,1348412827590156288,30767157,jessemermell,2021-02-09 00:00:00,False,False,,,,,
2021-01-10 18:24:50,1348335002203746304,842550390818201600,jessphoenix2018,2021-02-10 00:00:00,False,False,,,,,
2021-01-10 17:59:55,1348328734760206338,842550390818201600,jessphoenix2018,2021-02-11 00:00:00,False,False,,,,,
2021-01-10 05:30:57,1348140249579311117,842550390818201600,jessphoenix2018,2021-02-11 00:00:00,False,False,,,,,
2021-01-10 18:59:17,1348343671985303553,842550390818201600,jessphoenix2018,2021-02-13 00:00:00,False,False,,,,,
2021-01-10 18:50:20,1348341421024051203,842550390818201600,jessphoenix2018,2021-02-10 00:00:00,False,False,,,,,
2021-01-10 18:02:40,1348329426065391616,842550390818201600,jessphoenix2018,2021-02-14 00:00:00,False,False,,,,,
2021-01-10 23:57:50,1348418806968844289,842550390818201600,jessphoenix2018,2021-02-09 00:00:00,False,False,,,,,
2021-01-10 22:01:43,1348389585584152577,842550390818201600,jessphoenix2018,2021-02-11 00:00:00,False,False,,,,,
2021-01-10 01:19:23,1348076941333549057,842550390818201600,jessphoenix2018,2021-02-12 00:00:00,False,False,,,,,
2021-01-10 17:47:22,1348325575220293633,848591867092410368,joangreeneaz,2021-02-10 00:00:00,False,False,,,,,
2021-01-10 20:10:06,1348361493444665344,1124665360823848961,joeecollins3,2021-02-11 00:00:00,False,False,,,,,
2021-01-10 19:18:43,1348348564951367681,139770510,johnfbriscoe,2021-02-11 00:00:00,False,False,,,,,
2021-01-10 03:56:56,1348116591104311299,139770510,johnfbriscoe,2021-02-14 00:00:00,False,False,,,,,
2021-01-10 19:44:46,1348355119683948544,78698722,johnrennhack,2021-02-14 00:00:00,False,False,,,,,
2021-01-10 23:53:14,1348417648565084162,561163046,jonmarkhogg,2021-02-16 00:00:00,False,False,,,,,
2021-01-10 19:54:57,1348357681132797955,561163046,jonmarkhogg,2021-02-11 00:00:00,False,False,,,,,
2021-01-10 20:22:26,1348364598500593666,233842454,justinamash,2021-02-09 00:00:00,False,False,,,,,
2021-01-10 17:55:11,1348327542755831809,233842454,justinamash,2021-02-09 00:00:00,False,False,,,,,
2021-01-10 03:10:23,1348104874307842050,233842454,justinamash,2021-02-09 00:00:00,False,False,,,,,
2021-01-10 06:48:38,1348159799700168708,233842454,justinamash,2021-02-10 00:00:00,False,False,,,,,
2021-01-10 20:29:04,1348366269968510978,233842454,justinamash,2021-02-14 00:00:00,False,False,,,,,
2021-01-10 20:31:34,1348366898589822978,233842454,justinamash,2021-02-14 00:00:00,False,False,,,,,
2021-01-10 19:31:30,1348351779700961282,233842454,justinamash,2021-02-11 00:00:00,False,False,,,,,
2021-01-10 20:38:32,1348368651024478211,233842454,justinamash,2021-02-11 00:00:00,False,False,,,,,
2021-01-10 23:10:19,1348406848534294530,233842454,justinamash,2021-02-12 00:00:00,False,False,,,,,
2021-01-10 17:30:36,1348321356929257472,233842454,justinamash,2021-02-10 00:00:00,False,False,,,,,
2021-01-10 19:19:17,1348348705628442624,4863545294,kaikahele,2021-02-10 00:00:00,False,False,,,,,
2021-01-10 14:12:45,1348271564039593984,4863545294,kaikahele,2021-02-10 00:00:00,False,False,,,,,
2021-01-10 20:34:44,1348367694966484995,30848249,keithcradlephd,2021-02-13 00:00:00,False,False,,,,,
2021-01-10 17:46:00,1348325232818479109,14135426,keithellison,2021-02-13 00:00:00,False,False,,,,,
2021-01-10 15:17:54,1348287961641713665,14135426,keithellison,2021-02-10 00:00:00,False,False,,,,,
2021-01-10 20:16:07,1348363009706446848,784098236,kishineff,2021-02-14 00:00:00,False,False,,,,,
2021-01-10 04:38:41,1348127098540498946,784098236,kishineff,2021-02-10 00:00:00,False,False,,,,,
2021-01-10 20:09:54,1348361444044099585,784098236,kishineff,2021-02-13 00:00:00,False,False,,,,,
2021-01-10 17:58:50,1348328460423471106,20747881,kyrstensinema,2021-02-11 00:00:00,False,False,,,,,
2021-01-10 14:35:50,1348277372601167874,1201670995435646976,laurenboebert,2021-02-09 00:00:00,False,False,,,,,
2021-01-10 13:48:23,1348265431581282312,1201670995435646976,laurenboebert,2021-02-09 00:00:00,False,False,,,,,
2021-01-10 13:51:04,1348266108885884928,1201670995435646976,laurenboebert,2021-02-08 00:00:00,False,False,,,,,
2021-01-10 12:53:58,1348251738797707266,1201670995435646976,laurenboebert,2021-02-09 00:00:00,False,False,,,,,
2021-01-10 20:31:29,1348366878582976512,1201670995435646976,laurenboebert,2021-02-09 00:00:00,False,False,,,,,
2021-01-10 19:44:53,1348355149648064512,1201670995435646976,laurenboebert,2021-02-09 00:00:00,False,False,,,,,
2021-01-10 16:44:56,1348309862611111940,1201670995435646976,laurenboebert,2021-02-09 00:00:00,False,False,,,,,
2021-01-10 15:25:39,1348289912169181188,1187835922118787073,lavern_spicer,2021-02-14 00:00:00,False,False,,,,,
2021-01-10 15:19:18,1348288314420428800,1187835922118787073,lavern_spicer,2021-02-17 00:00:00,False,False,,,,,
2021-01-10 20:28:34,1348366141773799432,1187835922118787073,lavern_spicer,2021-02-11 00:00:00,False,False,,,,,
2021-01-10 13:46:41,1348265003938361350,1187835922118787073,lavern_spicer,2021-02-13 00:00:00,False,False,,,,,
2021-01-10 11:58:53,1348237878019682304,1187835922118787073,lavern_spicer,2021-02-22 00:00:00,False,False,,,,,
2021-01-10 19:41:17,1348354241870647300,270132611,lindyli,2021-02-09 00:00:00,False,False,,,,,
2021-01-10 18:34:19,1348337390222508039,270132611,lindyli,2021-02-09 00:00:00,False,False,,,,,
2021-01-10 23:09:33,1348406657009799169,270132611,lindyli,2021-02-09 00:00:00,False,False,,,,,
2021-01-10 02:48:17,1348099312459378689,270132611,lindyli,2021-02-09 00:00:00,False,False,,,,,
2021-01-10 18:36:54,1348338042180935681,15745368,marcorubio,2021-02-10 00:00:00,False,False,,,,,
2021-01-10 14:34:34,1348277056509980676,15745368,marcorubio,2021-02-09 00:00:00,False,False,,,,,
2021-01-10 13:34:26,1348261920885927936,15745368,marcorubio,2021-02-10 00:00:00,False,False,,,,,
2021-01-10 22:10:52,1348391887804239875,883146133840830464,mark_osmack,2021-02-14 00:00:00,False,False,,,,,
2021-01-10 16:53:46,1348312084480667649,961312723035394048,marygayscanlon,2021-02-14 00:00:00,False,False,,,,,
2021-01-10 01:30:27,1348079725353324544,58579942,mattgaetz,2021-02-10 00:00:00,False,False,,,,,
2021-01-10 14:44:34,1348279572714946561,58579942,mattgaetz,2021-02-09 00:00:00,False,False,,,,,
2021-01-10 02:25:15,1348093515549581324,58579942,mattgaetz,2021-02-10 00:00:00,False,False,,,,,
2021-01-10 14:51:48,1348281391067369475,58579942,mattgaetz,2021-02-10 00:00:00,False,False,,,,,
2021-01-10 02:28:06,1348094232532312064,58579942,mattgaetz,2021-02-10 00:00:00,False,False,,,,,
2021-01-10 21:49:28,1348386501181140992,1114738242971209728,michael_muscato,2021-02-11 00:00:00,False,False,,,,,
2021-01-10 20:43:47,1348369972070735872,1114738242971209728,michael_muscato,2021-02-16 00:00:00,False,False,,,,,
2021-01-10 14:34:00,1348276913060667393,211717668,mitch_toland_jr,2021-02-14 00:00:00,False,False,,,,,
2021-01-10 00:22:00,1348062499455840263,826065164504006657,mtgreenee,2021-02-10 00:00:00,False,False,,,,,
2021-01-10 17:34:14,1348322271207821314,826065164504006657,mtgreenee,2021-02-09 00:00:00,False,False,,,,,
2021-01-10 19:49:11,1348356229488390151,826065164504006657,mtgreenee,2021-02-10 00:00:00,False,False,,,,,
2021-01-10 03:07:49,1348104228091408387,826065164504006657,mtgreenee,2021-02-11 00:00:00,False,False,,,,,
2021-01-10 00:49:58,1348069537430822912,826065164504006657,mtgreenee,2021-02-09 00:00:00,False,False,,,,,
2021-01-10 21:29:46,1348381543362945024,826065164504006657,mtgreenee,2021-02-09 00:00:00,False,False,,,,,
2021-01-10 12:32:47,1348246409552801797,826065164504006657,mtgreenee,2021-02-09 00:00:00,False,False,,,,,
2021-01-10 15:00:23,1348283552379629568,826065164504006657,mtgreenee,2021-02-09 00:00:00,False,False,,,,,
2021-01-10 01:34:25,1348080725749338112,826065164504006657,mtgreenee,2021-02-10 00:00:00,False,False,,,,,
2021-01-10 15:52:16,1348296609189257216,826065164504006657,mtgreenee,2021-02-11 00:00:00,False,False,,,,,
2021-01-10 01:31:08,1348079898976538624,826065164504006657,mtgreenee,2021-02-09 00:00:00,False,False,,,,,
2021-01-10 22:27:18,1348396021781553157,826065164504006657,mtgreenee,2021-02-08 00:00:00,False,False,,,,,
2021-01-10 01:54:06,1348085678412861451,826065164504006657,mtgreenee,2021-02-09 00:00:00,False,False,,,,,
2021-01-10 01:16:18,1348076163537760256,44518306,ngoroff,2021-02-14 00:00:00,False,False,,,,,
2021-01-10 00:45:52,1348068506047303682,88471724,omarvaid,2021-02-14 00:00:00,False,False,,,,,
2021-01-10 01:11:14,1348074892084850689,88471724,omarvaid,2021-02-15 00:00:00,False,False,,,,,
2021-01-10 00:15:29,1348060859139022851,88471724,omarvaid,2021-02-10 00:00:00,False,False,,,,,
2021-01-10 02:11:26,1348090041688592388,39334221,pastormarkburns,2021-02-13 00:00:00,False,False,,,,,
2021-01-10 16:29:53,1348306076819623937,39334221,pastormarkburns,2021-02-13 00:00:00,False,False,,,,,
2021-01-10 20:19:38,1348363892829933573,14195941,press4change,2021-02-18 00:00:00,False,False,,,,,
2021-01-10 17:02:35,1348314306388111361,16801092,pubtheologian,2021-02-11 00:00:00,False,False,,,,,
2021-01-10 15:00:04,1348283473719652354,16275936,rachbarnhart,2021-03-05 00:00:00,False,False,,,,,
2021-01-10 15:52:23,1348296639891562497,16275936,rachbarnhart,2021-02-14 00:00:00,False,False,,,,,
2021-01-10 15:50:27,1348296152475688965,16275936,rachbarnhart,2021-02-12 00:00:00,False,False,,,,,
2021-01-10 15:10:00,1348285970727239681,16275936,rachbarnhart,2021-02-17 00:00:00,False,False,,,,,
2021-01-10 01:36:13,1348081179447226369,16275936,rachbarnhart,2021-02-14 00:00:00,False,False,,,,,
2021-01-10 18:33:04,1348337077683945477,15954997,repblumenauer,2021-02-10 00:00:00,False,False,,,,,
2021-01-10 16:02:13,1348299112043716617,1080485692298444800,repdelgado,2021-02-10 00:00:00,False,False,,,,,
2021-01-10 21:40:15,1348384181298946048,122174004,repdinatitus,2021-02-12 00:00:00,False,False,,,,,
2021-01-10 16:08:15,1348300633493934082,1206227149,repmarkpocan,2021-02-10 00:00:00,False,False,,,,,
2021-01-10 14:17:06,1348272658757132288,22524908,rontkim,2021-02-15 00:00:00,False,False,,,,,
2021-01-10 15:43:12,1348294328066707459,22524908,rontkim,2021-02-11 00:00:00,False,False,,,,,
2021-01-10 00:20:28,1348062114485850113,22524908,rontkim,2021-03-10 00:00:00,False,False,,,,,
2021-01-10 05:02:43,1348133146236235776,22524908,rontkim,2021-02-14 00:00:00,False,False,,,,,
2021-01-10 12:36:39,1348247380865540099,22524908,rontkim,2021-02-15 00:00:00,False,False,,,,,
2021-01-10 04:09:40,1348119793187106816,22524908,rontkim,2021-02-12 00:00:00,False,False,,,,,
2021-01-10 18:33:54,1348337284156973056,22524908,rontkim,2021-02-13 00:00:00,False,False,,,,,
2021-01-10 03:00:12,1348102312846389248,22524908,rontkim,2021-02-14 00:00:00,False,False,,,,,
2021-01-10 23:35:37,1348413217337466880,22524908,rontkim,2021-02-22 00:00:00,False,False,,,,,
2021-01-10 13:55:37,1348267254857793540,25896607,rufusgifford,2021-02-14 00:00:00,False,False,,,,,
2021-01-10 20:22:14,1348364547711758337,25896607,rufusgifford,2021-02-09 00:00:00,False,False,,,,,
2021-01-10 18:02:47,1348329453949169669,25896607,rufusgifford,2021-02-10 00:00:00,False,False,,,,,
2021-01-10 20:24:47,1348365191550029832,25896607,rufusgifford,2021-02-10 00:00:00,False,False,,,,,
2021-01-10 14:07:30,1348270242229837827,25896607,rufusgifford,2021-02-10 00:00:00,False,False,,,,,
2021-01-10 00:14:25,1348060592582647821,21837858,seanfeucht,2021-02-11 00:00:00,False,False,,,,,
2021-01-10 19:10:35,1348346518697373698,21837858,seanfeucht,2021-02-16 00:00:00,False,False,,,,,
2021-01-10 16:05:14,1348299873569943555,21837858,seanfeucht,2021-02-12 00:00:00,False,False,,,,,
2021-01-10 02:04:13,1348088223373938689,21837858,seanfeucht,2021-02-19 00:00:00,False,False,,,,,
2021-01-10 01:23:13,1348077906992488450,18915145,senrobportman,2021-02-11 00:00:00,False,False,,,,,
2021-01-10 19:03:07,1348344636872548352,18915145,senrobportman,2021-02-09 00:00:00,False,False,,,,,
2021-01-10 23:09:28,1348406633475485696,18915145,senrobportman,2021-02-12 00:00:00,False,False,,,,,
2021-01-10 12:21:16,1348243509124349958,21063394,smenor,2021-02-18 00:00:00,False,False,,,,,
2021-01-10 15:40:38,1348293682068217857,21063394,smenor,2021-02-20 00:00:00,False,False,,,,,
2021-01-10 13:36:28,1348262434931417089,24897739,stevekerrigan,2021-02-11 00:00:00,False,False,,,,,
2021-01-10 04:02:29,1348117985139908614,799764016885329921,stevenmnuchin1,2021-02-11 00:00:00,False,False,,,,,
2021-01-10 21:45:54,1348385604245983232,799764016885329921,stevenmnuchin1,2021-02-10 00:00:00,False,False,,,,,
2021-01-10 04:54:41,1348131122178387972,840010843987234817,sutherlandforwa,2021-02-14 00:00:00,False,False,,,,,
2021-01-10 23:26:39,1348410960273416192,840010843987234817,sutherlandforwa,2021-02-14 00:00:00,False,False,,,,,
2021-01-10 23:20:13,1348409341808926723,259341329,tatereeves,2021-02-11 00:00:00,False,False,,,,,
2021-01-10 01:10:54,1348074805694705668,23022687,tedcruz,2021-02-09 00:00:00,False,False,,,,,
2021-01-10 03:29:44,1348109743164854272,21059255,tedlieu,2021-02-09 00:00:00,False,False,,,,,
2021-01-10 00:36:15,1348066086655180803,21059255,tedlieu,2021-02-09 00:00:00,False,False,,,,,
2021-01-10 09:02:10,1348193404312686599,21059255,tedlieu,2021-02-09 00:00:00,False,False,,,,,
2021-01-10 06:35:08,1348156403186245632,21059255,tedlieu,2021-02-09 00:00:00,False,False,,,,,
2021-01-10 01:41:43,1348082560979464192,21059255,tedlieu,2021-02-09 00:00:00,False,False,,,,,
2021-01-10 20:07:27,1348360826625748992,21059255,tedlieu,2021-02-09 00:00:00,False,False,,,,,
2021-01-10 15:56:44,1348297735615614981,21059255,tedlieu,2021-02-09 00:00:00,False,False,,,,,
2021-01-10 03:13:46,1348105728146374656,21059255,tedlieu,2021-02-09 00:00:00,False,False,,,,,
2021-01-10 18:49:23,1348341184167510018,21059255,tedlieu,2021-02-09 00:00:00,False,False,,,,,
2021-01-10 21:18:31,1348378712119496706,21059255,tedlieu,2021-02-09 00:00:00,False,False,,,,,
2021-01-10 17:24:28,1348319813039374337,21059255,tedlieu,2021-02-09 00:00:00,False,False,,,,,
2021-01-10 16:54:30,1348312270011465734,21059255,tedlieu,2021-02-10 00:00:00,False,False,,,,,
2021-01-10 12:47:36,1348250137836081158,332590264,theangiestanton,2021-02-10 00:00:00,False,False,,,,,
2021-01-10 03:35:25,1348111174236303360,332590264,theangiestanton,2021-02-10 00:00:00,False,False,,,,,
2021-01-10 13:03:41,1348254184936796160,332590264,theangiestanton,2021-03-09 00:00:00,False,False,,,,,
2021-01-10 20:42:46,1348369717921259523,332590264,theangiestanton,2021-02-09 00:00:00,False,False,,,,,
2021-01-10 02:36:20,1348096306779213824,332590264,theangiestanton,2021-02-09 00:00:00,False,False,,,,,
2021-01-10 12:58:45,1348252942785249281,332590264,theangiestanton,2021-02-09 00:00:00,False,False,,,,,
2021-01-10 21:10:04,1348376586752552961,332590264,theangiestanton,2021-02-09 00:00:00,False,False,,,,,
2021-01-10 21:12:34,1348377213780062208,332590264,theangiestanton,2021-02-12 00:00:00,False,False,,,,,
2021-01-10 12:42:12,1348248776855715841,332590264,theangiestanton,2021-02-09 00:00:00,False,False,,,,,
2021-01-10 14:15:24,1348272232699731968,332590264,theangiestanton,2021-02-10 00:00:00,False,False,,,,,
2021-01-10 13:12:31,1348256406827364353,332590264,theangiestanton,2021-02-09 00:00:00,False,False,,,,,
2021-01-10 19:56:43,1348358128715390980,332590264,theangiestanton,2021-02-09 00:00:00,False,False,,,,,
2021-01-10 20:44:01,1348370029784555524,332590264,theangiestanton,2021-02-09 00:00:00,False,False,,,,,
2021-01-10 03:21:28,1348107665919139841,332590264,theangiestanton,2021-02-09 00:00:00,False,False,,,,,
2021-01-10 02:19:28,1348092060470009856,332590264,theangiestanton,2021-02-12 00:00:00,False,False,,,,,
2021-01-10 13:15:52,1348257251019120645,332590264,theangiestanton,2021-02-09 00:00:00,False,False,,,,,
2021-01-10 00:05:16,1348058289829863424,332590264,theangiestanton,2021-02-10 00:00:00,False,False,,,,,
2021-01-10 01:49:11,1348084440879271938,870276195383955456,theresa_gasper,2021-02-16 00:00:00,False,False,,,,,
2021-01-10 20:35:11,1348367806404898818,3744922102,thestationchief,2021-02-11 00:00:00,False,False,,,,,
2021-01-10 19:59:31,1348358832611860481,172858784,timkaine,2021-02-10 00:00:00,False,False,,,,,
2021-01-10 19:15:19,1348347709774835714,172858784,timkaine,2021-02-11 00:00:00,False,False,,,,,
2021-01-10 21:10:34,1348376710308368384,172858784,timkaine,2021-02-12 00:00:00,False,False,,,,,
2021-01-10 00:36:17,1348066094783688710,918579911333466113,toftforcongress,2021-02-13 00:00:00,False,False,,,,,
2021-01-10 00:36:33,1348066161997406208,918579911333466113,toftforcongress,2021-02-11 00:00:00,False,False,,,,,
2021-01-10 00:36:41,1348066193647706113,918579911333466113,toftforcongress,2021-02-11 00:00:00,False,False,,,,,
2021-01-10 00:36:27,1348066135866888193,918579911333466113,toftforcongress,2021-02-14 00:00:00,False,False,,,,,
2021-01-10 00:36:30,1348066148533690369,918579911333466113,toftforcongress,2021-02-13 00:00:00,False,False,,,,,
2021-01-10 03:53:51,1348115813681790982,38960144,vgescobar,2021-02-10 00:00:00,False,False,,,,,
2021-01-10 04:34:27,1348126029387354113,38960144,vgescobar,2021-02-18 00:00:00,False,False,,,,,
2021-01-10 13:45:46,1348264775155929088,38960144,vgescobar,2021-02-14 00:00:00,False,False,,,,,
2021-01-10 14:38:52,1348278135926755328,38960144,vgescobar,2021-02-10 00:00:00,False,False,,,,,
2021-01-10 00:31:07,1348064796285956096,892090350822711296,votevandermaas,2021-02-13 00:00:00,False,False,,,,,
2021-01-10 14:48:02,1348280442756206592,889580318440783872,watts4congress,2021-02-12 00:00:00,False,False,,,,,
2021-01-10 14:50:34,1348281081649311745,889580318440783872,watts4congress,2021-03-10 00:00:00,False,False,,,,,
2021-01-10 14:46:20,1348280018380718081,889580318440783872,watts4congress,2021-02-11 00:00:00,False,False,,,,,
2021-01-10 07:48:51,1348174953892491266,600663197,xjelliott,2021-02-13 00:00:00,False,False,,,,,
2021-01-10 08:29:59,1348185304197427200,600663197,xjelliott,2021-02-14 00:00:00,False,False,,,,,
